1,1,1338.48,417.88,163.01,358.61,0.8093,-1,-1,-1
1,2,584.16,443.38,91.76,264.69,0.7630,-1,-1,-1
1,3,439.99,445.88,112.20,273.42,0.6760,-1,-1,-1
1,4,1455.13,432.63,141.44,332.68,0.6426,-1,-1,-1
1,5,730.90,456.73,35.97,111.40,0.5625,-1,-1,-1
2,1,1341.28,417.60,163.20,359.16,0.8313,-1,-1,-1
2,2,584.83,442.91,91.60,264.18,0.7656,-1,-1,-1
2,3,439.70,445.29,112.65,274.26,0.6901,-1,-1,-1
2,4,1454.85,436.87,141.15,331.71,0.6726,-1,-1,-1
2,5,731.77,457.28,35.62,110.28,0.5322,-1,-1,-1
3,1,1348.10,423.30,166.61,365.85,0.8358,-1,-1,-1
3,2,585.47,443.03,91.49,263.64,0.7561,-1,-1,-1
3,3,439.35,443.75,113.61,276.32,0.6979,-1,-1,-1
3,4,1466.07,441.58,139.10,327.06,0.7325,-1,-1,-1
3,5,732.39,460.20,34.57,106.77,0.5315,-1,-1,-1
4,1,1352.57,421.71,171.38,375.80,0.8240,-1,-1,-1
4,2,585.14,443.80,91.74,264.25,0.7670,-1,-1,-1
4,3,441.17,442.95,113.97,276.68,0.7436,-1,-1,-1
4,4,1470.98,434.60,141.01,333.25,0.7303,-1,-1,-1
4,5,732.74,459.13,35.41,109.27,0.5187,-1,-1,-1
5,1,1353.15,419.43,175.59,385.07,0.8483,-1,-1,-1
5,2,585.42,444.02,91.73,264.05,0.7658,-1,-1,-1
5,3,445.42,443.58,113.30,274.35,0.6899,-1,-1,-1
5,4,1473.13,429.52,141.92,338.49,0.7403,-1,-1,-1
5,5,732.94,459.01,35.42,109.28,0.5181,-1,-1,-1
6,1,1356.80,418.60,176.80,388.33,0.8471,-1,-1,-1
6,2,584.08,443.50,92.69,266.93,0.7617,-1,-1,-1
6,3,450.82,443.80,113.45,274.33,0.6951,-1,-1,-1
6,4,1478.17,426.49,141.51,342.02,0.7237,-1,-1,-1
6,5,732.85,457.56,35.63,110.22,0.5346,-1,-1,-1
7,1,1361.18,419.03,174.18,385.20,0.8559,-1,-1,-1
7,2,583.93,443.00,92.98,268.08,0.7671,-1,-1,-1
7,3,450.49,444.55,113.88,274.32,0.7308,-1,-1,-1
7,4,1482.85,430.32,138.25,339.33,0.7679,-1,-1,-1
7,5,732.83,457.83,35.43,109.91,0.5489,-1,-1,-1
8,1,1370.27,415.30,172.38,386.76,0.8056,-1,-1,-1
8,2,584.37,442.93,92.70,267.36,0.7823,-1,-1,-1
8,3,451.40,444.04,114.31,274.60,0.7468,-1,-1,-1
8,4,1485.72,422.73,139.03,347.94,0.7695,-1,-1,-1
8,5,733.08,457.14,35.31,109.68,0.5422,-1,-1,-1
9,1,1379.71,409.61,171.44,392.09,0.7453,-1,-1,-1
9,2,584.29,442.61,92.79,268.13,0.7793,-1,-1,-1
9,3,455.21,444.10,114.04,274.31,0.7434,-1,-1,-1
9,4,1491.41,422.01,136.03,347.94,0.7485,-1,-1,-1
9,5,732.91,456.98,35.71,110.99,0.5346,-1,-1,-1
10,1,1393.87,413.52,163.90,382.62,0.7915,-1,-1,-1
10,2,584.71,442.77,92.74,268.20,0.7823,-1,-1,-1
10,3,457.22,443.87,114.06,274.35,0.7179,-1,-1,-1
10,4,1493.37,418.09,137.25,355.34,0.6691,-1,-1,-1
10,5,733.04,457.46,35.41,109.78,0.5202,-1,-1,-1
11,1,1404.81,412.62,161.83,385.69,0.7691,-1,-1,-1
11,2,585.35,442.84,92.27,267.04,0.7705,-1,-1,-1
11,3,455.91,442.76,114.74,275.83,0.6894,-1,-1,-1
11,4,1508.63,418.82,132.23,350.57,0.7954,-1,-1,-1
11,5,733.21,458.51,35.81,110.57,0.5668,-1,-1,-1
12,1,1416.61,409.19,159.36,388.27,0.7273,-1,-1,-1
12,2,585.48,442.27,92.22,266.92,0.7667,-1,-1,-1
12,3,453.57,442.22,115.43,276.26,0.6674,-1,-1,-1
12,4,1518.93,418.87,130.03,353.05,0.7732,-1,-1,-1
12,5,732.32,456.76,36.70,112.94,0.6052,-1,-1,-1
13,1,1428.46,411.88,156.08,386.77,0.7015,-1,-1,-1
13,2,585.41,442.02,92.38,267.27,0.7539,-1,-1,-1
13,3,450.43,442.90,116.28,276.31,0.7038,-1,-1,-1
13,4,1526.97,420.23,129.89,357.59,0.7515,-1,-1,-1
13,5,731.09,456.28,38.05,117.02,0.5822,-1,-1,-1
14,1,1440.09,410.25,154.35,387.32,0.5769,-1,-1,-1
14,2,584.88,442.19,92.80,267.99,0.7504,-1,-1,-1
14,3,448.92,442.05,118.14,280.34,0.6394,-1,-1,-1
14,4,1536.26,416.62,135.15,369.98,0.6144,-1,-1,-1
14,5,730.58,456.47,38.60,118.46,0.5512,-1,-1,-1
15,2,583.94,442.44,93.17,269.24,0.7700,-1,-1,-1
15,3,447.37,442.86,118.94,282.04,0.6578,-1,-1,-1
15,4,1549.53,421.88,139.97,373.37,0.5959,-1,-1,-1
15,5,730.12,453.33,40.18,123.59,0.6068,-1,-1,-1
16,2,583.79,443.68,92.60,267.43,0.7683,-1,-1,-1
16,3,445.17,442.65,119.21,283.46,0.6511,-1,-1,-1
16,4,1563.71,421.10,146.55,381.44,0.6740,-1,-1,-1
17,2,583.65,445.36,92.59,267.29,0.7652,-1,-1,-1
17,3,444.72,442.66,119.27,284.54,0.6589,-1,-1,-1
17,4,1574.74,420.97,151.67,385.23,0.7724,-1,-1,-1
18,2,583.66,445.01,92.95,268.36,0.7898,-1,-1,-1
18,3,445.73,442.92,118.77,284.66,0.7161,-1,-1,-1
18,4,1585.49,426.29,153.21,383.21,0.7103,-1,-1,-1
18,1,1479.12,419.30,162.14,391.40,0.6832,-1,-1,-1
19,2,584.56,445.13,93.38,269.26,0.7677,-1,-1,-1
19,3,447.42,444.57,118.17,284.58,0.7092,-1,-1,-1
19,4,1587.45,451.88,149.76,361.83,0.6827,-1,-1,-1
20,2,586.69,445.77,93.49,267.61,0.7783,-1,-1,-1
20,3,450.25,448.59,116.21,279.92,0.7097,-1,-1,-1
20,4,1606.99,457.31,148.24,349.50,0.6328,-1,-1,-1
21,2,588.02,444.50,94.79,269.07,0.7905,-1,-1,-1
21,3,450.97,448.08,115.62,279.26,0.6969,-1,-1,-1
21,4,1617.81,455.49,147.16,348.90,0.6553,-1,-1,-1
21,1,1496.99,414.65,178.16,405.13,0.7286,-1,-1,-1
22,2,588.59,444.10,95.63,269.11,0.7777,-1,-1,-1
22,3,452.66,447.17,115.76,280.35,0.5988,-1,-1,-1
22,4,1627.11,436.67,152.98,364.48,0.7015,-1,-1,-1
22,1,1488.91,412.94,184.33,405.83,0.5296,-1,-1,-1
23,2,588.25,443.85,96.56,269.01,0.7759,-1,-1,-1
23,3,458.50,446.37,115.50,281.47,0.6875,-1,-1,-1
23,4,1623.62,427.17,153.67,374.40,0.6267,-1,-1,-1
24,2,588.42,443.83,97.20,268.54,0.7548,-1,-1,-1
24,3,463.44,445.37,116.17,284.96,0.6836,-1,-1,-1
24,4,1630.16,421.28,151.91,378.24,0.6253,-1,-1,-1
24,1,1494.34,408.15,191.41,412.88,0.7030,-1,-1,-1
25,2,588.66,443.71,97.94,268.71,0.7430,-1,-1,-1
25,3,464.32,444.75,116.97,288.23,0.6333,-1,-1,-1
25,4,1641.28,417.28,151.45,384.62,0.6677,-1,-1,-1
25,1,1497.65,407.18,193.80,412.53,0.6348,-1,-1,-1
26,2,588.60,444.08,98.27,268.68,0.7238,-1,-1,-1
26,3,464.81,442.03,118.42,293.41,0.6586,-1,-1,-1
26,4,1647.00,419.61,146.92,381.90,0.6618,-1,-1,-1
26,1,1511.16,409.14,198.13,410.77,0.5970,-1,-1,-1
27,2,588.82,443.58,98.75,269.90,0.7290,-1,-1,-1
27,3,466.82,443.49,116.83,290.44,0.6226,-1,-1,-1
27,4,1658.22,414.45,144.44,384.11,0.6655,-1,-1,-1
27,1,1520.13,410.89,199.93,410.92,0.5632,-1,-1,-1
28,2,591.19,443.41,98.83,270.62,0.7387,-1,-1,-1
28,3,468.59,442.01,116.99,292.62,0.6030,-1,-1,-1
28,4,1668.77,411.20,142.16,385.16,0.6566,-1,-1,-1
28,1,1522.85,405.43,201.46,422.06,0.5830,-1,-1,-1
29,2,592.94,443.53,98.63,270.62,0.7305,-1,-1,-1
29,3,471.11,442.06,116.13,292.04,0.5853,-1,-1,-1
29,4,1678.44,418.84,140.44,381.51,0.7144,-1,-1,-1
29,1,1531.14,397.02,201.22,431.84,0.7036,-1,-1,-1
29,6,1424.79,436.16,58.34,121.97,0.5399,-1,-1,-1
30,2,594.35,443.48,98.68,271.21,0.7479,-1,-1,-1
30,3,473.34,442.17,115.52,292.10,0.6444,-1,-1,-1
30,4,1686.11,426.37,140.75,374.50,0.6397,-1,-1,-1
30,1,1550.29,392.23,197.43,436.55,0.7467,-1,-1,-1
30,6,1426.94,433.19,59.33,124.53,0.5942,-1,-1,-1
31,2,596.26,443.22,98.60,272.08,0.7511,-1,-1,-1
31,3,475.44,443.21,114.03,288.59,0.6511,-1,-1,-1
31,4,1712.44,418.77,150.32,387.17,0.6599,-1,-1,-1
31,1,1573.70,390.89,193.93,436.87,0.7353,-1,-1,-1
31,6,1432.00,430.28,60.12,127.29,0.5751,-1,-1,-1
32,2,597.96,443.09,98.45,272.75,0.7619,-1,-1,-1
32,3,476.94,444.29,113.70,288.61,0.6380,-1,-1,-1
32,4,1732.52,417.75,154.23,389.54,0.7325,-1,-1,-1
32,1,1589.87,394.02,192.82,440.67,0.7909,-1,-1,-1
32,6,1436.91,430.65,59.06,126.58,0.5304,-1,-1,-1
33,2,599.64,443.90,97.77,271.66,0.7666,-1,-1,-1
33,3,477.18,444.11,114.75,292.79,0.7036,-1,-1,-1
33,4,1744.97,414.35,159.36,396.75,0.6489,-1,-1,-1
33,1,1599.49,394.46,194.64,449.72,0.8077,-1,-1,-1
33,6,1441.11,431.15,58.06,126.24,0.5779,-1,-1,-1
34,2,601.73,443.44,97.18,271.87,0.7622,-1,-1,-1
34,3,476.72,443.95,116.29,298.44,0.7295,-1,-1,-1
34,1,1609.44,394.50,193.33,447.77,0.8033,-1,-1,-1
34,6,1445.59,430.85,57.29,126.58,0.6021,-1,-1,-1
35,2,603.12,443.89,96.44,271.23,0.7727,-1,-1,-1
35,3,476.22,443.87,116.44,300.12,0.7405,-1,-1,-1
35,1,1620.07,393.41,196.34,453.85,0.8494,-1,-1,-1
35,6,1448.27,431.80,55.58,124.96,0.5704,-1,-1,-1
36,2,604.41,444.19,95.67,270.68,0.7727,-1,-1,-1
36,3,475.47,443.95,116.81,302.02,0.7073,-1,-1,-1
36,1,1632.33,394.88,203.04,465.65,0.8186,-1,-1,-1
36,6,1450.75,432.73,54.67,124.79,0.5763,-1,-1,-1
36,4,1763.33,413.83,161.71,405.44,0.5498,-1,-1,-1
37,2,605.96,444.77,94.97,270.10,0.7701,-1,-1,-1
37,3,476.30,444.50,114.76,296.96,0.6661,-1,-1,-1
37,1,1649.34,396.66,210.62,471.29,0.7919,-1,-1,-1
37,6,1454.99,433.12,54.09,125.30,0.5473,-1,-1,-1
37,4,1769.53,418.29,158.46,401.58,0.6041,-1,-1,-1
38,2,606.65,444.23,94.86,271.02,0.7670,-1,-1,-1
38,3,478.01,444.71,112.91,291.39,0.6848,-1,-1,-1
38,1,1652.16,400.75,215.75,473.30,0.8537,-1,-1,-1
38,6,1457.83,432.30,53.65,126.02,0.6036,-1,-1,-1
39,2,607.54,443.41,94.98,272.11,0.7798,-1,-1,-1
39,3,478.23,444.59,113.72,293.41,0.7065,-1,-1,-1
39,1,1654.85,403.21,220.21,472.87,0.8708,-1,-1,-1
39,6,1460.21,431.92,52.96,125.76,0.5842,-1,-1,-1
39,4,1793.27,428.37,144.90,379.75,0.5196,-1,-1,-1
40,2,608.37,443.68,94.73,272.28,0.7745,-1,-1,-1
40,3,478.07,445.58,114.57,294.98,0.6819,-1,-1,-1
40,1,1656.64,404.15,225.66,473.95,0.8623,-1,-1,-1
40,6,1463.29,432.80,51.93,124.11,0.5641,-1,-1,-1
40,4,1799.92,424.60,142.16,386.30,0.5961,-1,-1,-1
41,2,610.59,443.60,94.58,272.66,0.7916,-1,-1,-1
41,3,478.70,446.89,114.47,295.00,0.6836,-1,-1,-1
41,1,1661.33,401.90,234.30,481.83,0.8655,-1,-1,-1
41,6,1465.62,433.99,51.05,121.71,0.5075,-1,-1,-1
41,4,1805.25,405.68,143.62,409.27,0.6854,-1,-1,-1
42,2,611.99,443.01,94.06,272.28,0.7989,-1,-1,-1
42,3,476.48,447.36,116.85,300.95,0.6607,-1,-1,-1
42,1,1663.37,401.39,237.31,480.46,0.8417,-1,-1,-1
42,6,1467.72,434.51,50.78,121.07,0.5558,-1,-1,-1
42,4,1812.24,395.68,140.47,421.65,0.6497,-1,-1,-1
43,2,613.55,443.33,93.51,271.82,0.7886,-1,-1,-1
43,3,471.41,446.09,119.35,306.41,0.6241,-1,-1,-1
43,1,1667.61,403.01,239.78,480.71,0.8501,-1,-1,-1
43,6,1469.85,433.59,51.11,121.76,0.5799,-1,-1,-1
43,4,1820.50,394.09,133.96,425.02,0.5920,-1,-1,-1
44,2,614.36,443.58,93.17,271.42,0.7992,-1,-1,-1
44,3,470.02,446.14,121.77,312.18,0.6486,-1,-1,-1
44,1,1670.91,396.23,242.27,485.10,0.8458,-1,-1,-1
44,6,1472.46,434.94,50.53,120.67,0.5326,-1,-1,-1
45,2,615.54,443.12,93.02,271.54,0.7777,-1,-1,-1
45,3,468.42,444.25,122.80,314.78,0.6357,-1,-1,-1
45,1,1680.27,394.22,240.11,485.12,0.7946,-1,-1,-1
46,2,617.07,442.40,93.39,272.40,0.7591,-1,-1,-1
46,3,467.25,444.81,124.29,318.03,0.6338,-1,-1,-1
46,1,1694.92,392.35,237.46,487.34,0.6319,-1,-1,-1
46,6,1478.20,435.42,48.57,119.51,0.5208,-1,-1,-1
47,2,617.00,441.77,93.47,272.77,0.7759,-1,-1,-1
47,3,465.84,444.46,125.38,320.15,0.6297,-1,-1,-1
47,1,1721.94,387.27,230.95,493.63,0.7059,-1,-1,-1
47,6,1481.66,432.69,47.53,120.72,0.5143,-1,-1,-1
48,2,618.42,441.31,93.46,272.62,0.7453,-1,-1,-1
48,3,467.52,443.97,124.75,319.43,0.6478,-1,-1,-1
48,1,1736.51,386.16,221.86,491.99,0.7899,-1,-1,-1
49,2,619.36,441.28,93.39,272.08,0.7551,-1,-1,-1
49,3,468.85,444.29,123.90,318.48,0.6377,-1,-1,-1
49,1,1751.71,385.21,212.69,492.81,0.8007,-1,-1,-1
50,2,620.28,441.56,94.01,272.25,0.7557,-1,-1,-1
50,3,466.03,443.82,123.66,317.10,0.6202,-1,-1,-1
50,1,1763.81,385.18,204.36,496.54,0.8414,-1,-1,-1
51,2,621.15,441.45,94.63,272.36,0.7625,-1,-1,-1
51,3,460.43,443.46,124.58,315.54,0.6074,-1,-1,-1
51,1,1772.91,383.94,195.49,498.76,0.8291,-1,-1,-1
52,2,621.95,442.31,94.81,271.68,0.7491,-1,-1,-1
52,3,465.06,444.45,124.33,315.26,0.6583,-1,-1,-1
52,1,1782.36,385.22,184.79,495.76,0.8109,-1,-1,-1
53,2,622.33,443.17,94.59,270.52,0.7479,-1,-1,-1
53,3,465.77,445.76,123.90,313.09,0.6521,-1,-1,-1
53,1,1787.66,384.13,177.47,499.87,0.7787,-1,-1,-1
54,2,623.62,442.75,95.12,271.86,0.7377,-1,-1,-1
54,3,467.27,445.89,124.22,314.01,0.6934,-1,-1,-1
54,1,1790.56,388.73,169.38,497.78,0.7337,-1,-1,-1
54,8,1259.35,430.30,40.63,115.22,0.5063,-1,-1,-1
55,2,622.86,442.21,95.09,272.73,0.7448,-1,-1,-1
55,3,468.30,445.30,124.22,315.06,0.7045,-1,-1,-1
55,1,1796.87,411.23,156.23,476.46,0.7186,-1,-1,-1
55,8,1259.34,429.64,40.97,116.22,0.5005,-1,-1,-1
56,2,622.73,441.69,95.03,273.36,0.7329,-1,-1,-1
56,3,469.74,445.44,123.50,314.46,0.7116,-1,-1,-1
56,1,1802.67,429.20,145.15,458.45,0.5919,-1,-1,-1
56,8,1259.31,426.84,41.81,118.74,0.5103,-1,-1,-1
57,2,622.31,442.34,94.51,273.00,0.7314,-1,-1,-1
57,3,469.92,446.70,122.89,313.17,0.6682,-1,-1,-1
57,8,1260.09,430.82,40.28,114.39,0.5175,-1,-1,-1
58,2,624.68,443.38,94.07,271.85,0.7337,-1,-1,-1
58,3,471.60,445.82,122.30,312.60,0.6648,-1,-1,-1
58,8,1260.85,432.55,39.76,112.77,0.5224,-1,-1,-1
59,2,625.56,443.06,93.98,271.98,0.7172,-1,-1,-1
59,3,472.67,444.00,123.09,315.68,0.7116,-1,-1,-1
59,8,1261.48,432.87,39.79,112.33,0.5377,-1,-1,-1
60,2,625.08,443.16,94.52,274.07,0.7132,-1,-1,-1
60,3,473.87,442.18,124.46,318.35,0.7233,-1,-1,-1
60,8,1261.57,434.74,39.51,111.03,0.5482,-1,-1,-1
61,2,624.30,443.61,95.17,276.46,0.7075,-1,-1,-1
61,3,477.24,443.13,124.96,316.85,0.6856,-1,-1,-1
61,8,1260.56,430.09,41.21,115.74,0.5334,-1,-1,-1
61,10,699.19,455.60,68.38,216.76,0.5448,-1,-1,-1
62,2,622.97,444.46,94.56,275.80,0.7224,-1,-1,-1
62,3,482.69,442.89,126.48,318.24,0.7249,-1,-1,-1
62,8,1259.98,430.35,40.99,115.15,0.5512,-1,-1,-1
62,10,698.44,454.23,68.86,218.39,0.6201,-1,-1,-1
63,2,620.53,443.97,95.43,278.99,0.7393,-1,-1,-1
63,3,484.45,441.11,128.21,319.70,0.7251,-1,-1,-1
63,8,1259.92,431.13,40.51,113.81,0.5324,-1,-1,-1
63,10,698.15,457.56,67.73,214.57,0.6620,-1,-1,-1
64,2,618.98,444.20,95.18,278.79,0.7432,-1,-1,-1
64,3,488.34,441.83,128.95,318.91,0.7205,-1,-1,-1
64,8,1259.88,433.27,39.60,111.04,0.5248,-1,-1,-1
64,10,697.03,453.24,69.42,219.97,0.6377,-1,-1,-1
65,2,618.55,446.46,94.43,277.13,0.7429,-1,-1,-1
65,3,495.32,444.41,128.54,316.97,0.7891,-1,-1,-1
65,8,1260.16,437.49,38.39,107.03,0.5287,-1,-1,-1
65,10,695.27,450.44,70.91,225.06,0.6806,-1,-1,-1
66,2,618.88,447.70,93.82,276.22,0.7595,-1,-1,-1
66,3,499.42,446.53,129.65,317.06,0.7284,-1,-1,-1
66,8,1260.13,439.01,38.11,105.65,0.5299,-1,-1,-1
66,10,696.66,452.20,70.45,223.80,0.6783,-1,-1,-1
67,2,618.73,447.44,93.52,275.51,0.7469,-1,-1,-1
67,3,496.76,447.18,132.90,320.76,0.6449,-1,-1,-1
67,8,1260.65,441.03,37.39,103.33,0.5143,-1,-1,-1
67,10,697.95,453.19,70.53,223.89,0.6747,-1,-1,-1
68,2,617.58,446.71,93.81,275.48,0.7347,-1,-1,-1
68,3,496.77,448.56,133.93,318.51,0.6441,-1,-1,-1
68,10,699.81,454.86,69.85,221.32,0.6769,-1,-1,-1
69,2,616.31,446.90,94.13,275.27,0.7571,-1,-1,-1
69,3,497.24,446.94,136.53,320.46,0.6178,-1,-1,-1
69,10,699.25,456.06,69.95,220.96,0.6660,-1,-1,-1
69,8,1260.12,437.95,38.56,106.51,0.5127,-1,-1,-1
70,2,614.48,446.22,94.74,275.18,0.7602,-1,-1,-1
70,3,497.71,444.35,138.22,322.11,0.7277,-1,-1,-1
70,10,699.24,457.36,69.89,220.30,0.6304,-1,-1,-1
70,8,1259.93,437.91,38.70,106.74,0.5124,-1,-1,-1
70,6,1540.17,420.01,50.85,132.74,0.5866,-1,-1,-1
71,2,613.35,445.79,95.49,276.07,0.7686,-1,-1,-1
71,3,499.94,443.39,139.41,323.62,0.7339,-1,-1,-1
71,10,698.39,458.60,69.62,219.86,0.5866,-1,-1,-1
71,8,1259.75,437.30,38.98,107.41,0.5172,-1,-1,-1
71,6,1541.56,420.29,50.12,132.57,0.5760,-1,-1,-1
72,2,613.01,444.81,95.98,277.16,0.7655,-1,-1,-1
72,3,501.14,443.81,139.82,323.45,0.7412,-1,-1,-1
72,10,699.00,458.57,69.99,220.90,0.5837,-1,-1,-1
72,8,1259.27,432.03,40.75,112.67,0.5145,-1,-1,-1
72,6,1542.12,420.47,49.28,132.17,0.5699,-1,-1,-1
73,2,614.34,443.91,96.15,278.03,0.7676,-1,-1,-1
73,3,503.08,444.45,139.85,323.51,0.7758,-1,-1,-1
73,10,700.50,458.53,69.94,220.42,0.5996,-1,-1,-1
73,8,1259.43,431.10,40.95,113.35,0.5074,-1,-1,-1
73,6,1543.81,419.51,48.52,132.69,0.5323,-1,-1,-1
74,2,615.91,442.88,96.29,280.11,0.7757,-1,-1,-1
74,3,505.60,444.19,140.78,326.29,0.7379,-1,-1,-1
74,10,703.44,455.89,70.97,222.04,0.5739,-1,-1,-1
74,8,1259.57,428.92,41.70,115.83,0.5172,-1,-1,-1
75,2,616.26,441.01,96.19,282.45,0.7706,-1,-1,-1
75,3,506.32,442.69,140.58,326.34,0.7339,-1,-1,-1
75,10,704.59,454.99,71.33,221.70,0.6329,-1,-1,-1
75,8,1259.17,428.19,42.04,117.02,0.5276,-1,-1,-1
76,2,617.70,441.36,95.16,282.09,0.7708,-1,-1,-1
76,3,509.58,445.34,137.81,321.82,0.7659,-1,-1,-1
76,10,705.58,452.08,72.93,224.48,0.6644,-1,-1,-1
76,8,1259.33,427.68,42.08,117.32,0.5213,-1,-1,-1
77,2,617.77,441.08,94.69,283.85,0.7672,-1,-1,-1
77,3,512.86,446.53,136.04,320.33,0.7638,-1,-1,-1
77,10,705.66,448.31,74.99,228.20,0.6311,-1,-1,-1
77,8,1259.44,427.51,42.04,117.38,0.5267,-1,-1,-1
78,2,620.93,441.38,92.77,281.91,0.7763,-1,-1,-1
78,3,512.69,445.67,135.68,321.60,0.7205,-1,-1,-1
78,10,707.75,451.37,75.43,225.74,0.6610,-1,-1,-1
79,2,622.76,440.61,91.52,282.35,0.7683,-1,-1,-1
79,3,512.05,446.07,135.29,322.48,0.5523,-1,-1,-1
79,10,711.50,455.64,75.78,221.34,0.6625,-1,-1,-1
80,2,624.35,439.71,90.84,283.80,0.7412,-1,-1,-1
80,3,510.20,445.79,136.25,324.73,0.5070,-1,-1,-1
80,10,715.37,457.57,77.29,219.94,0.7267,-1,-1,-1
81,2,626.15,437.30,91.06,287.73,0.7146,-1,-1,-1
81,10,717.43,458.30,79.39,220.14,0.7116,-1,-1,-1
82,2,627.18,438.61,90.15,288.28,0.6814,-1,-1,-1
82,10,719.22,458.63,81.87,220.44,0.7306,-1,-1,-1
82,8,1262.07,438.74,38.34,106.00,0.5000,-1,-1,-1
82,3,530.32,447.26,133.55,330.84,0.5208,-1,-1,-1
83,2,628.91,440.41,89.30,288.27,0.6484,-1,-1,-1
83,10,720.68,458.32,84.49,222.08,0.7128,-1,-1,-1
83,3,505.91,449.94,123.74,312.26,0.5310,-1,-1,-1
84,2,631.05,441.89,89.21,288.33,0.5866,-1,-1,-1
84,10,722.43,460.00,86.38,221.08,0.7028,-1,-1,-1
84,3,531.46,444.74,125.96,330.46,0.5377,-1,-1,-1
85,2,631.36,443.59,89.01,288.13,0.5711,-1,-1,-1
85,10,724.59,458.77,88.61,223.54,0.7238,-1,-1,-1
86,2,633.52,444.09,89.58,288.49,0.5456,-1,-1,-1
86,10,725.38,457.28,90.26,225.25,0.7347,-1,-1,-1
87,2,634.74,443.80,89.58,288.58,0.5310,-1,-1,-1
87,10,725.77,456.38,91.30,225.40,0.7198,-1,-1,-1
88,2,637.81,446.10,89.52,286.60,0.5827,-1,-1,-1
88,10,726.66,454.35,92.67,227.65,0.6862,-1,-1,-1
89,2,640.61,448.72,89.36,284.54,0.5881,-1,-1,-1
89,10,727.16,452.12,94.09,230.13,0.7351,-1,-1,-1
89,3,504.52,449.91,114.87,308.34,0.5514,-1,-1,-1
90,2,642.16,446.61,89.74,286.19,0.6022,-1,-1,-1
90,10,729.15,451.74,94.31,230.63,0.7265,-1,-1,-1
90,3,506.62,449.31,111.65,305.64,0.5634,-1,-1,-1
91,2,643.86,443.29,91.18,290.68,0.6814,-1,-1,-1
91,10,731.48,453.41,93.50,229.02,0.6912,-1,-1,-1
91,3,507.09,449.48,108.27,299.91,0.6319,-1,-1,-1
92,2,643.66,439.52,92.76,294.92,0.6772,-1,-1,-1
92,10,732.89,453.98,93.18,228.15,0.6874,-1,-1,-1
92,3,506.61,448.60,107.44,300.78,0.6139,-1,-1,-1
93,2,643.34,438.68,93.51,296.05,0.6733,-1,-1,-1
93,10,735.34,456.52,91.99,225.23,0.7076,-1,-1,-1
93,3,507.16,448.23,106.71,301.50,0.6227,-1,-1,-1
94,2,644.08,439.43,93.90,297.30,0.7237,-1,-1,-1
94,10,737.36,454.87,92.47,226.84,0.7048,-1,-1,-1
94,3,509.48,448.75,105.32,301.69,0.5699,-1,-1,-1
95,2,644.83,439.89,94.51,297.94,0.7413,-1,-1,-1
95,10,738.70,452.96,93.20,229.69,0.6683,-1,-1,-1
95,3,508.81,448.49,104.40,301.40,0.5600,-1,-1,-1
95,8,1259.15,435.49,40.56,110.75,0.5238,-1,-1,-1
96,2,644.48,440.88,94.75,297.42,0.7595,-1,-1,-1
96,10,741.88,454.45,92.23,228.66,0.6825,-1,-1,-1
96,3,506.70,447.34,104.20,302.88,0.5007,-1,-1,-1
97,2,645.91,441.35,94.89,296.87,0.7520,-1,-1,-1
97,10,745.00,455.77,91.99,229.15,0.6975,-1,-1,-1
97,3,506.30,446.83,103.71,302.92,0.5032,-1,-1,-1
98,2,647.84,442.29,95.07,296.15,0.7792,-1,-1,-1
98,10,749.02,457.42,91.38,228.57,0.7152,-1,-1,-1
98,3,504.34,446.71,103.74,303.98,0.5049,-1,-1,-1
98,8,1258.52,438.02,40.26,108.55,0.5486,-1,-1,-1
99,2,649.16,442.59,95.42,295.89,0.7606,-1,-1,-1
99,10,750.19,456.67,91.64,229.65,0.7761,-1,-1,-1
99,3,502.05,444.90,104.22,304.52,0.5339,-1,-1,-1
99,12,557.04,442.89,113.02,356.40,0.5669,-1,-1,-1
99,8,1258.45,439.89,39.75,106.59,0.5311,-1,-1,-1
100,2,650.49,442.12,96.29,296.90,0.6840,-1,-1,-1
100,10,751.10,454.53,91.82,231.72,0.7635,-1,-1,-1
100,3,498.46,441.44,104.08,303.80,0.5654,-1,-1,-1
100,12,562.15,444.10,111.89,353.79,0.5904,-1,-1,-1
100,8,1258.29,441.29,39.46,105.40,0.5535,-1,-1,-1
101,2,651.81,442.51,97.17,296.86,0.7108,-1,-1,-1
101,10,752.07,455.60,91.30,232.12,0.7579,-1,-1,-1
101,3,497.84,442.44,104.93,304.81,0.5476,-1,-1,-1
101,12,559.60,442.54,113.02,357.78,0.6094,-1,-1,-1
101,8,1257.94,441.76,39.28,104.89,0.5546,-1,-1,-1
102,2,653.26,441.89,97.00,294.45,0.7176,-1,-1,-1
102,10,753.27,456.58,90.74,231.08,0.7433,-1,-1,-1
102,3,496.62,441.31,104.66,305.09,0.5780,-1,-1,-1
102,12,560.96,443.80,112.67,357.83,0.6214,-1,-1,-1
102,8,1256.20,440.99,39.26,105.88,0.5570,-1,-1,-1
103,2,654.91,440.88,97.92,294.55,0.7067,-1,-1,-1
103,10,753.57,457.06,89.67,228.73,0.7246,-1,-1,-1
103,3,496.96,443.39,103.31,302.21,0.5501,-1,-1,-1
103,12,562.87,444.24,112.36,357.88,0.5751,-1,-1,-1
104,2,657.04,440.51,98.90,295.65,0.7207,-1,-1,-1
104,10,754.38,457.76,89.69,229.45,0.7326,-1,-1,-1
104,12,555.37,440.47,114.27,361.76,0.6641,-1,-1,-1
105,2,658.41,439.97,100.00,297.30,0.7537,-1,-1,-1
105,10,756.57,459.32,89.99,231.73,0.7589,-1,-1,-1
105,12,548.96,437.55,116.22,363.54,0.7286,-1,-1,-1
106,2,659.94,441.22,99.99,295.40,0.7511,-1,-1,-1
106,10,757.75,459.03,90.23,233.69,0.7376,-1,-1,-1
106,12,545.99,437.91,117.87,363.48,0.6724,-1,-1,-1
107,2,662.10,441.23,100.91,295.28,0.7627,-1,-1,-1
107,10,759.22,459.58,90.27,235.26,0.7348,-1,-1,-1
107,12,545.51,438.34,119.49,362.68,0.6664,-1,-1,-1
108,2,662.64,439.29,101.66,296.31,0.7569,-1,-1,-1
108,10,758.70,455.88,92.36,242.03,0.7147,-1,-1,-1
108,12,547.17,437.16,122.02,365.95,0.6895,-1,-1,-1
109,2,663.54,438.53,102.89,298.21,0.7368,-1,-1,-1
109,10,759.67,455.28,92.44,243.52,0.6722,-1,-1,-1
109,12,549.12,436.94,124.09,367.39,0.6967,-1,-1,-1
110,2,662.99,437.90,103.79,301.04,0.7534,-1,-1,-1
110,10,759.78,456.75,91.89,242.56,0.7076,-1,-1,-1
110,12,549.89,437.69,125.76,367.45,0.6860,-1,-1,-1
111,2,663.55,437.86,105.33,305.17,0.7663,-1,-1,-1
111,10,759.60,455.84,91.81,243.17,0.7134,-1,-1,-1
111,12,550.69,440.04,127.48,366.90,0.6626,-1,-1,-1
112,2,665.36,437.88,105.71,306.70,0.7777,-1,-1,-1
112,10,759.35,452.87,92.64,246.81,0.7238,-1,-1,-1
112,12,549.62,437.57,129.53,368.41,0.6822,-1,-1,-1
113,2,666.20,437.85,107.32,311.95,0.7861,-1,-1,-1
113,10,760.74,451.71,92.40,247.81,0.7145,-1,-1,-1
113,12,551.99,436.08,130.67,370.14,0.6970,-1,-1,-1
114,2,666.58,438.91,107.67,314.72,0.7899,-1,-1,-1
114,10,762.70,453.23,91.32,245.72,0.7038,-1,-1,-1
114,12,548.14,434.60,132.95,371.54,0.6817,-1,-1,-1
114,8,1242.70,441.16,38.20,104.11,0.5743,-1,-1,-1
115,2,667.18,438.93,106.92,314.37,0.7876,-1,-1,-1
115,10,765.31,454.43,90.75,244.52,0.6930,-1,-1,-1
115,12,557.49,435.59,131.76,370.79,0.6534,-1,-1,-1
115,8,1241.65,441.02,37.67,102.97,0.5540,-1,-1,-1
116,2,668.76,438.90,105.40,312.43,0.7857,-1,-1,-1
116,10,766.13,451.98,91.48,247.35,0.6743,-1,-1,-1
116,12,558.52,435.30,131.97,372.24,0.6312,-1,-1,-1
116,8,1240.72,441.30,37.47,102.28,0.5973,-1,-1,-1
117,2,669.72,439.91,104.66,311.98,0.7957,-1,-1,-1
117,10,768.28,452.20,90.75,246.69,0.6473,-1,-1,-1
117,12,553.09,434.49,133.27,373.03,0.6800,-1,-1,-1
117,8,1240.85,441.48,36.78,101.01,0.5698,-1,-1,-1
118,2,670.15,440.14,104.12,313.76,0.7995,-1,-1,-1
118,10,767.15,454.35,89.33,244.88,0.6584,-1,-1,-1
118,12,548.09,435.14,135.89,376.93,0.6853,-1,-1,-1
118,8,1240.80,442.27,36.29,99.81,0.5427,-1,-1,-1
119,2,670.41,440.57,104.43,317.94,0.8141,-1,-1,-1
119,10,768.76,452.45,89.77,245.56,0.7127,-1,-1,-1
119,12,539.67,439.32,139.70,379.10,0.7319,-1,-1,-1
119,8,1240.12,442.87,35.83,97.92,0.5295,-1,-1,-1
120,2,672.46,441.31,103.96,319.51,0.8120,-1,-1,-1
120,10,770.98,451.94,90.58,246.91,0.7124,-1,-1,-1
120,12,536.66,442.50,142.34,378.70,0.7667,-1,-1,-1
120,8,1238.37,442.97,36.67,100.04,0.5371,-1,-1,-1
121,2,673.85,441.25,103.36,320.72,0.8157,-1,-1,-1
121,10,772.51,453.42,91.26,245.84,0.6841,-1,-1,-1
121,12,535.04,444.55,145.36,378.72,0.7730,-1,-1,-1
122,2,676.78,440.43,102.74,320.81,0.8005,-1,-1,-1
122,10,778.63,452.73,93.27,248.13,0.5888,-1,-1,-1
122,12,535.24,445.91,148.59,380.36,0.8126,-1,-1,-1
123,2,678.64,439.56,102.41,322.80,0.8127,-1,-1,-1
123,10,780.99,456.70,93.88,244.97,0.7214,-1,-1,-1
123,12,535.67,443.78,152.78,385.98,0.8010,-1,-1,-1
123,8,1236.15,451.46,35.01,95.26,0.5373,-1,-1,-1
124,2,680.03,438.60,102.16,325.17,0.8053,-1,-1,-1
124,10,781.90,457.02,95.57,245.41,0.7236,-1,-1,-1
124,12,535.74,442.72,156.55,391.36,0.6876,-1,-1,-1
124,8,1235.90,454.16,34.44,93.10,0.5575,-1,-1,-1
125,2,680.61,437.79,101.76,327.06,0.8170,-1,-1,-1
125,10,784.99,459.56,96.23,244.06,0.7425,-1,-1,-1
125,12,535.82,442.27,158.63,391.83,0.7677,-1,-1,-1
125,8,1234.24,454.71,34.92,93.89,0.5475,-1,-1,-1
126,2,682.14,437.74,101.27,327.40,0.8111,-1,-1,-1
126,10,784.45,457.78,97.66,246.34,0.7282,-1,-1,-1
126,12,544.57,442.17,157.14,391.46,0.6423,-1,-1,-1
126,8,1231.67,453.40,36.06,96.02,0.5450,-1,-1,-1
127,2,682.72,437.99,101.20,328.22,0.8122,-1,-1,-1
127,10,784.52,456.96,98.59,248.17,0.7183,-1,-1,-1
127,12,546.83,440.84,156.91,392.55,0.6704,-1,-1,-1
127,8,1229.40,452.44,37.29,97.91,0.5223,-1,-1,-1
128,2,684.63,437.72,101.64,329.04,0.8132,-1,-1,-1
128,10,785.38,461.53,97.03,243.27,0.6857,-1,-1,-1
128,12,552.69,440.69,155.75,392.25,0.6721,-1,-1,-1
128,8,1227.64,454.26,38.02,98.28,0.5056,-1,-1,-1
129,2,684.29,437.73,101.87,328.84,0.8329,-1,-1,-1
129,10,787.38,460.01,97.80,244.19,0.6778,-1,-1,-1
129,12,555.22,441.46,154.95,391.22,0.6805,-1,-1,-1
130,2,683.78,437.53,102.29,328.98,0.8316,-1,-1,-1
130,10,788.40,459.44,98.32,244.96,0.7440,-1,-1,-1
130,12,553.13,442.00,155.35,390.28,0.6633,-1,-1,-1
131,2,683.05,437.07,102.88,330.39,0.8231,-1,-1,-1
131,10,790.55,459.05,99.10,246.72,0.7644,-1,-1,-1
131,12,561.95,440.71,153.97,391.16,0.5515,-1,-1,-1
132,2,683.45,436.20,103.06,331.46,0.8129,-1,-1,-1
132,10,792.35,457.25,99.98,248.89,0.7880,-1,-1,-1
132,12,566.59,440.39,152.86,390.35,0.5694,-1,-1,-1
133,2,683.82,435.71,103.05,331.83,0.8010,-1,-1,-1
133,10,793.43,457.94,99.83,248.62,0.7891,-1,-1,-1
133,12,575.14,438.84,150.82,391.44,0.6248,-1,-1,-1
134,2,685.06,434.51,103.39,333.01,0.7910,-1,-1,-1
134,10,795.16,454.86,100.86,251.11,0.7736,-1,-1,-1
134,12,577.24,439.54,149.29,390.68,0.6258,-1,-1,-1
135,2,685.77,433.09,103.59,333.26,0.7845,-1,-1,-1
135,10,793.98,451.90,102.43,254.66,0.7166,-1,-1,-1
135,12,576.58,439.93,148.99,391.39,0.6394,-1,-1,-1
136,2,686.46,433.05,103.55,332.49,0.7736,-1,-1,-1
136,10,793.80,450.98,102.73,256.20,0.7076,-1,-1,-1
136,12,573.92,439.47,150.41,395.62,0.6531,-1,-1,-1
137,2,691.92,433.60,102.72,329.97,0.7812,-1,-1,-1
137,10,794.93,452.42,101.99,255.63,0.7601,-1,-1,-1
137,12,577.64,437.39,152.71,408.49,0.6708,-1,-1,-1
138,2,692.56,433.91,103.36,330.61,0.7634,-1,-1,-1
138,10,797.54,451.22,102.25,258.69,0.7548,-1,-1,-1
138,12,578.53,437.01,153.97,417.74,0.6509,-1,-1,-1
139,2,694.66,433.52,104.07,331.97,0.7558,-1,-1,-1
139,10,801.11,450.04,102.12,261.29,0.7271,-1,-1,-1
139,12,572.65,438.55,154.15,417.74,0.6134,-1,-1,-1
140,2,696.03,433.96,104.90,331.78,0.7594,-1,-1,-1
140,10,802.66,451.62,100.42,262.85,0.6994,-1,-1,-1
140,12,569.75,438.39,154.59,417.70,0.5618,-1,-1,-1
141,2,696.64,433.12,106.58,334.05,0.7575,-1,-1,-1
141,10,807.13,451.61,98.64,262.40,0.6511,-1,-1,-1
141,12,565.79,438.39,155.88,419.05,0.5603,-1,-1,-1
142,2,700.40,433.35,108.03,332.50,0.7614,-1,-1,-1
142,10,809.76,448.29,99.44,267.80,0.6417,-1,-1,-1
142,12,562.70,438.67,155.99,415.44,0.5183,-1,-1,-1
143,2,703.70,435.32,109.58,330.74,0.7707,-1,-1,-1
143,10,811.91,447.57,98.26,268.04,0.6267,-1,-1,-1
143,12,568.32,435.51,158.40,427.25,0.5327,-1,-1,-1
144,2,705.67,436.24,112.55,331.51,0.7510,-1,-1,-1
144,10,815.00,448.35,96.24,265.62,0.5448,-1,-1,-1
144,12,556.08,436.96,162.85,433.39,0.5175,-1,-1,-1
145,2,707.20,437.88,115.23,330.68,0.7511,-1,-1,-1
145,10,818.46,453.26,92.79,258.81,0.5678,-1,-1,-1
145,12,550.25,437.09,166.71,439.50,0.6339,-1,-1,-1
146,2,708.64,438.30,117.84,331.12,0.7430,-1,-1,-1
146,10,821.42,454.33,91.02,256.47,0.6558,-1,-1,-1
146,12,547.04,438.41,169.72,444.17,0.7284,-1,-1,-1
147,2,709.56,437.94,120.40,333.59,0.7977,-1,-1,-1
147,10,823.80,456.90,89.22,253.44,0.6119,-1,-1,-1
147,12,545.07,439.91,172.00,448.05,0.7202,-1,-1,-1
148,2,710.07,437.68,121.85,333.54,0.7744,-1,-1,-1
148,10,825.61,456.93,88.96,254.07,0.6526,-1,-1,-1
148,12,543.44,440.52,174.15,451.70,0.7250,-1,-1,-1
149,2,711.27,437.53,123.59,336.11,0.8076,-1,-1,-1
149,10,828.01,456.45,88.28,253.41,0.6589,-1,-1,-1
149,12,542.49,439.29,175.17,455.25,0.7301,-1,-1,-1
150,2,712.37,436.54,124.65,338.16,0.8110,-1,-1,-1
150,10,829.61,452.86,89.15,257.11,0.6492,-1,-1,-1
150,12,543.34,437.55,176.01,458.38,0.7688,-1,-1,-1
150,13,885.62,440.29,85.52,238.96,0.6119,-1,-1,-1
