1,1,118.00,157.54,79.99,171.14,0.8484,-1,-1,-1
1,2,16.01,148.76,74.71,190.85,0.8159,-1,-1,-1
2,1,118.40,155.04,81.52,174.37,0.8474,-1,-1,-1
2,2,16.78,145.53,76.07,194.44,0.8564,-1,-1,-1
3,1,116.82,153.84,82.21,177.00,0.7125,-1,-1,-1
3,2,18.76,138.31,79.12,202.68,0.8289,-1,-1,-1
4,1,125.77,154.02,83.13,179.11,0.8467,-1,-1,-1
4,2,23.56,141.75,78.31,201.12,0.8197,-1,-1,-1
5,1,134.17,156.33,83.75,180.29,0.8143,-1,-1,-1
5,2,29.99,139.99,80.23,206.94,0.8697,-1,-1,-1
6,1,140.62,155.31,85.43,183.78,0.8338,-1,-1,-1
6,2,33.03,140.40,81.05,209.23,0.8531,-1,-1,-1
6,4,223.00,197.95,20.70,66.94,0.6154,-1,-1,-1
6,5,268.54,198.17,23.83,66.29,0.5848,-1,-1,-1
7,1,144.79,153.06,86.98,187.04,0.8595,-1,-1,-1
7,2,36.67,140.15,81.18,210.28,0.8357,-1,-1,-1
7,4,227.15,198.34,20.53,66.09,0.6563,-1,-1,-1
7,5,274.39,199.07,22.95,63.65,0.6744,-1,-1,-1
8,1,151.32,152.68,88.49,190.28,0.8705,-1,-1,-1
8,2,40.27,139.95,82.10,213.32,0.8246,-1,-1,-1
8,4,235.04,199.88,20.48,65.54,0.6827,-1,-1,-1
8,5,281.14,200.48,23.45,64.78,0.5862,-1,-1,-1
9,1,155.79,151.84,89.62,193.06,0.8672,-1,-1,-1
9,2,44.94,139.97,82.12,214.12,0.8304,-1,-1,-1
9,4,242.34,202.97,19.95,63.19,0.5636,-1,-1,-1
9,5,288.02,199.93,23.83,65.70,0.7195,-1,-1,-1
9,7,269.53,198.77,20.84,66.24,0.6477,-1,-1,-1
10,1,162.12,148.92,91.32,197.37,0.8699,-1,-1,-1
10,2,48.73,136.35,84.36,219.70,0.8570,-1,-1,-1
10,4,251.10,198.76,21.35,67.09,0.6476,-1,-1,-1
10,5,295.93,201.20,23.67,64.99,0.6351,-1,-1,-1
11,1,168.39,147.51,92.57,200.78,0.8611,-1,-1,-1
11,2,53.92,135.44,85.27,222.05,0.8677,-1,-1,-1
11,5,304.27,201.28,23.44,64.67,0.6469,-1,-1,-1
11,8,144.52,195.72,24.24,69.86,0.5637,-1,-1,-1
12,1,178.39,147.40,94.25,204.83,0.8704,-1,-1,-1
12,2,60.54,131.65,88.12,230.75,0.8809,-1,-1,-1
12,5,314.45,204.53,22.90,63.20,0.5016,-1,-1,-1
12,8,153.83,197.76,24.08,69.06,0.5749,-1,-1,-1
12,7,270.79,199.51,21.68,68.52,0.6251,-1,-1,-1
13,1,183.68,147.09,96.18,208.83,0.8587,-1,-1,-1
13,2,66.74,138.56,86.58,226.46,0.8563,-1,-1,-1
13,8,160.97,196.98,24.78,70.60,0.5691,-1,-1,-1
13,7,275.21,200.10,21.77,68.48,0.5106,-1,-1,-1
14,1,194.15,145.51,97.28,211.99,0.8290,-1,-1,-1
14,2,76.11,131.23,89.30,235.87,0.8715,-1,-1,-1
14,8,171.27,196.26,25.17,71.22,0.5988,-1,-1,-1
15,1,205.44,145.08,98.69,215.80,0.8599,-1,-1,-1
15,2,83.38,135.79,88.67,234.53,0.8602,-1,-1,-1
15,8,182.52,197.49,25.24,70.96,0.6604,-1,-1,-1
15,5,326.72,201.10,24.21,67.07,0.5191,-1,-1,-1
16,1,212.16,144.45,99.36,217.00,0.8458,-1,-1,-1
16,2,82.72,127.49,92.39,243.50,0.8776,-1,-1,-1
16,8,188.56,194.64,25.71,71.60,0.6426,-1,-1,-1
16,12,350.99,200.60,27.92,67.09,0.5434,-1,-1,-1
16,13,300.80,199.04,22.47,66.82,0.6868,-1,-1,-1
16,5,330.97,196.93,25.16,70.02,0.5508,-1,-1,-1
17,1,216.99,141.07,102.29,222.22,0.7738,-1,-1,-1
17,2,85.53,124.80,93.77,247.42,0.8982,-1,-1,-1
17,8,192.24,193.33,25.94,71.76,0.6422,-1,-1,-1
17,13,305.35,196.55,23.27,69.16,0.5980,-1,-1,-1
18,1,219.96,138.45,105.69,228.58,0.8572,-1,-1,-1
18,2,86.08,124.11,95.63,252.01,0.9013,-1,-1,-1
18,8,196.16,194.31,25.63,70.51,0.5464,-1,-1,-1
18,13,310.21,195.16,23.83,71.00,0.7058,-1,-1,-1
19,1,221.67,134.34,108.56,233.97,0.8666,-1,-1,-1
19,2,84.47,120.05,97.50,256.85,0.9064,-1,-1,-1
19,8,197.82,193.18,25.78,70.25,0.5145,-1,-1,-1
19,13,312.27,192.83,24.03,71.43,0.6221,-1,-1,-1
20,1,219.53,129.98,111.49,239.87,0.8877,-1,-1,-1
20,2,80.13,114.88,99.94,263.65,0.9029,-1,-1,-1
20,8,196.58,189.08,26.60,72.07,0.5803,-1,-1,-1
21,1,218.12,127.03,114.65,246.36,0.8791,-1,-1,-1
21,2,75.79,109.15,103.10,272.48,0.8988,-1,-1,-1
21,8,195.45,186.87,27.27,73.81,0.6602,-1,-1,-1
21,15,41.25,186.40,28.10,69.58,0.5713,-1,-1,-1
22,1,217.28,123.56,117.53,252.58,0.8829,-1,-1,-1
22,2,71.43,104.63,105.73,279.57,0.8850,-1,-1,-1
23,1,216.38,122.76,120.56,259.73,0.8812,-1,-1,-1
23,2,68.99,103.72,108.66,287.99,0.8965,-1,-1,-1
23,8,199.14,189.33,27.03,73.46,0.5789,-1,-1,-1
24,1,218.50,121.19,122.26,265.10,0.7988,-1,-1,-1
24,2,67.03,103.19,111.06,294.18,0.8602,-1,-1,-1
25,1,223.28,120.22,124.59,273.79,0.8810,-1,-1,-1
25,2,63.95,102.29,114.34,302.50,0.8911,-1,-1,-1
26,1,224.30,117.02,126.06,280.75,0.8712,-1,-1,-1
26,2,60.52,100.30,116.99,309.02,0.8826,-1,-1,-1
27,1,228.20,113.75,127.40,287.72,0.8809,-1,-1,-1
27,2,57.70,96.53,119.63,315.49,0.8972,-1,-1,-1
28,1,231.82,111.33,128.36,294.25,0.8851,-1,-1,-1
28,2,55.64,94.27,122.38,322.53,0.9022,-1,-1,-1
29,1,231.26,106.57,131.03,302.05,0.8659,-1,-1,-1
29,2,52.52,88.07,127.13,335.23,0.8817,-1,-1,-1
30,1,231.44,103.58,133.24,309.39,0.8839,-1,-1,-1
30,2,49.62,84.42,130.66,344.27,0.8888,-1,-1,-1
31,1,236.58,99.33,135.70,319.26,0.8790,-1,-1,-1
31,2,46.17,80.72,134.41,352.69,0.8946,-1,-1,-1
32,1,243.14,96.63,138.25,329.98,0.8769,-1,-1,-1
32,2,45.07,77.76,138.34,362.84,0.8790,-1,-1,-1
33,1,250.52,91.27,140.33,338.20,0.8614,-1,-1,-1
33,2,48.75,71.94,141.63,372.89,0.8887,-1,-1,-1
33,5,418.37,189.01,26.91,75.10,0.6739,-1,-1,-1
33,13,361.60,186.70,25.56,75.22,0.6280,-1,-1,-1
34,1,260.10,88.78,143.58,349.57,0.8579,-1,-1,-1
34,2,54.76,69.99,144.28,380.95,0.8851,-1,-1,-1
34,5,424.84,187.84,27.70,77.92,0.6605,-1,-1,-1
34,13,368.29,186.76,26.48,76.45,0.6828,-1,-1,-1
35,1,267.42,87.53,147.57,359.43,0.8551,-1,-1,-1
35,2,60.01,69.38,146.15,387.57,0.9042,-1,-1,-1
35,5,433.41,189.44,27.93,78.31,0.6581,-1,-1,-1
35,13,375.90,188.53,26.81,76.88,0.7054,-1,-1,-1
35,19,3.05,118.51,29.58,103.68,0.6117,-1,-1,-1
36,1,273.95,82.25,152.57,369.00,0.8937,-1,-1,-1
36,2,66.41,63.73,149.79,398.50,0.8947,-1,-1,-1
36,5,444.82,189.55,27.97,78.22,0.6636,-1,-1,-1
36,13,385.35,189.01,26.76,76.33,0.5824,-1,-1,-1
37,1,277.04,78.54,157.34,377.98,0.8908,-1,-1,-1
37,2,69.33,61.03,152.14,405.80,0.9014,-1,-1,-1
37,5,451.53,189.96,27.92,78.55,0.6192,-1,-1,-1
37,13,391.53,189.25,26.95,76.30,0.6547,-1,-1,-1
38,1,283.75,76.18,162.77,387.65,0.8878,-1,-1,-1
38,2,69.81,58.58,155.42,415.23,0.8759,-1,-1,-1
38,5,457.25,189.70,28.55,80.22,0.7279,-1,-1,-1
38,4,430.87,189.84,25.52,78.61,0.5459,-1,-1,-1
39,1,288.94,71.39,167.86,397.22,0.8902,-1,-1,-1
39,2,69.67,54.25,158.65,424.09,0.8789,-1,-1,-1
39,5,462.39,188.12,29.51,81.58,0.6727,-1,-1,-1
39,4,435.78,187.81,25.60,78.36,0.5778,-1,-1,-1
39,13,403.78,194.41,25.46,71.42,0.5582,-1,-1,-1
40,1,291.81,66.73,174.52,410.16,0.8876,-1,-1,-1
40,2,69.41,52.20,160.71,428.93,0.8847,-1,-1,-1
40,5,466.57,188.20,30.15,82.98,0.7032,-1,-1,-1
40,4,440.26,186.43,26.73,81.24,0.5362,-1,-1,-1
40,22,183.61,63.10,58.53,199.53,0.6957,-1,-1,-1
41,1,295.90,63.23,178.94,417.38,0.8832,-1,-1,-1
41,2,67.50,48.88,162.74,433.16,0.8903,-1,-1,-1
41,5,473.42,188.62,23.63,59.51,0.6164,-1,-1,-1
41,4,442.42,187.61,26.54,80.32,0.5486,-1,-1,-1
41,22,182.95,63.09,58.34,198.91,0.7385,-1,-1,-1
42,1,294.05,57.50,183.69,424.56,0.8999,-1,-1,-1
42,2,58.71,43.16,165.83,439.08,0.8915,-1,-1,-1
42,5,474.60,187.73,19.50,43.43,0.5377,-1,-1,-1
42,22,178.24,57.12,60.66,206.93,0.6336,-1,-1,-1
43,1,293.26,53.52,187.64,428.93,0.9045,-1,-1,-1
43,2,52.78,37.35,168.60,444.75,0.8963,-1,-1,-1
43,22,174.77,51.92,60.79,207.63,0.6478,-1,-1,-1
44,1,292.47,50.30,191.22,432.13,0.9040,-1,-1,-1
44,2,48.41,31.82,171.28,449.80,0.8976,-1,-1,-1
44,22,173.20,48.56,61.86,211.67,0.6433,-1,-1,-1
45,1,294.26,46.74,194.69,435.13,0.8964,-1,-1,-1
45,2,45.68,27.83,173.11,452.76,0.8951,-1,-1,-1
45,22,174.05,46.89,62.82,215.20,0.6476,-1,-1,-1
46,1,292.46,42.97,199.19,438.94,0.9094,-1,-1,-1
46,2,41.25,21.29,176.59,459.48,0.8836,-1,-1,-1
46,22,173.47,44.86,63.66,218.25,0.6942,-1,-1,-1
47,1,294.12,38.52,203.27,443.27,0.9064,-1,-1,-1
47,2,37.42,15.80,179.42,464.71,0.8725,-1,-1,-1
47,22,172.85,41.51,63.56,218.25,0.6582,-1,-1,-1
48,1,296.93,31.46,207.79,449.69,0.8999,-1,-1,-1
48,2,35.18,11.78,182.35,469.16,0.8636,-1,-1,-1
48,22,174.71,38.50,64.71,222.43,0.6428,-1,-1,-1
49,1,297.31,28.55,211.32,452.74,0.8895,-1,-1,-1
49,2,34.59,9.10,184.47,469.82,0.8603,-1,-1,-1
49,22,175.42,36.30,65.82,226.25,0.6405,-1,-1,-1
50,1,296.12,23.51,215.31,457.11,0.8995,-1,-1,-1
50,2,29.65,3.75,188.44,475.51,0.8585,-1,-1,-1
50,22,173.58,34.26,68.04,234.42,0.6500,-1,-1,-1
50,19,-1.57,90.41,32.98,117.43,0.5213,-1,-1,-1
51,1,296.09,19.65,219.21,460.83,0.9086,-1,-1,-1
51,2,27.96,0.92,190.26,476.98,0.8588,-1,-1,-1
51,22,174.23,32.84,69.27,238.16,0.7362,-1,-1,-1
52,1,298.44,16.03,222.41,463.95,0.9019,-1,-1,-1
52,2,24.05,-0.61,192.41,478.92,0.8464,-1,-1,-1
52,22,173.80,30.16,70.11,240.66,0.5960,-1,-1,-1
53,1,299.54,13.59,226.05,466.32,0.9044,-1,-1,-1
53,2,21.58,-1.25,194.97,480.77,0.8605,-1,-1,-1
53,22,173.54,28.08,70.32,241.24,0.6318,-1,-1,-1
54,1,300.77,11.64,229.47,468.80,0.9116,-1,-1,-1
54,2,20.88,-0.86,196.01,479.13,0.8424,-1,-1,-1
54,22,173.52,27.56,70.68,242.14,0.5766,-1,-1,-1
55,1,304.75,8.16,233.05,470.80,0.8858,-1,-1,-1
55,2,19.33,-0.56,198.05,479.79,0.8571,-1,-1,-1
55,22,174.67,25.85,71.35,244.32,0.5491,-1,-1,-1
56,1,304.09,5.49,237.05,473.36,0.8457,-1,-1,-1
56,2,19.48,-0.89,199.86,479.96,0.8620,-1,-1,-1
56,22,175.42,24.39,72.08,247.02,0.5890,-1,-1,-1
57,1,309.39,2.57,241.10,476.98,0.9115,-1,-1,-1
57,2,17.60,-0.30,201.20,478.12,0.8578,-1,-1,-1
57,22,172.84,22.78,79.53,275.78,0.6122,-1,-1,-1
57,19,-4.18,83.38,43.98,162.98,0.5690,-1,-1,-1
58,1,312.02,1.44,244.19,478.71,0.8997,-1,-1,-1
58,2,16.30,-0.00,202.81,477.57,0.8594,-1,-1,-1
59,1,315.51,0.40,247.47,479.53,0.9035,-1,-1,-1
59,2,15.07,0.23,204.67,477.29,0.8447,-1,-1,-1
59,22,169.43,20.90,90.49,320.47,0.7051,-1,-1,-1
60,1,318.34,-0.81,250.69,479.34,0.9006,-1,-1,-1
60,2,14.08,-0.03,206.79,477.73,0.8185,-1,-1,-1
60,22,163.15,19.97,103.28,377.16,0.5711,-1,-1,-1
61,1,321.87,-1.23,254.41,480.30,0.8971,-1,-1,-1
61,2,11.49,0.43,208.30,476.76,0.8556,-1,-1,-1
61,22,162.29,19.17,105.35,395.78,0.6077,-1,-1,-1
62,1,326.53,-1.22,256.14,477.26,0.8307,-1,-1,-1
62,2,9.64,0.56,209.88,476.59,0.8611,-1,-1,-1
62,22,163.51,17.66,106.31,410.89,0.7277,-1,-1,-1
63,1,327.04,-1.09,260.22,479.79,0.8857,-1,-1,-1
63,2,8.06,0.86,211.37,476.47,0.7896,-1,-1,-1
63,22,164.32,16.15,105.81,419.36,0.7196,-1,-1,-1
64,1,329.32,-1.06,263.24,480.75,0.8757,-1,-1,-1
64,2,7.96,1.45,213.05,476.68,0.8099,-1,-1,-1
64,22,165.88,15.67,103.42,417.86,0.5741,-1,-1,-1
65,1,329.53,-0.97,265.81,481.02,0.8766,-1,-1,-1
65,2,9.76,1.25,214.88,475.66,0.7657,-1,-1,-1
65,22,172.75,14.90,92.74,375.90,0.5247,-1,-1,-1
65,24,501.46,192.74,26.44,76.66,0.6443,-1,-1,-1
66,1,327.40,-0.71,268.44,480.88,0.8839,-1,-1,-1
66,2,8.32,1.15,215.80,474.08,0.8418,-1,-1,-1
66,22,177.12,13.78,85.86,346.26,0.6341,-1,-1,-1
66,24,502.08,192.20,26.47,76.76,0.6824,-1,-1,-1
67,1,326.40,-0.71,271.46,480.78,0.8852,-1,-1,-1
67,2,5.62,1.04,217.58,476.08,0.8087,-1,-1,-1
67,22,173.48,12.34,95.62,392.77,0.7479,-1,-1,-1
67,24,502.66,192.48,26.33,76.49,0.6490,-1,-1,-1
67,19,-26.33,76.01,85.43,371.13,0.5338,-1,-1,-1
68,1,327.66,-0.32,273.58,480.47,0.8942,-1,-1,-1
68,2,4.17,2.17,218.08,475.38,0.7487,-1,-1,-1
68,22,171.41,11.57,100.38,420.07,0.6779,-1,-1,-1
68,24,504.01,192.69,26.30,76.76,0.6037,-1,-1,-1
69,1,327.58,-0.03,275.28,480.20,0.8915,-1,-1,-1
69,2,3.36,2.56,218.86,475.59,0.7380,-1,-1,-1
69,22,171.24,10.51,101.49,431.97,0.6036,-1,-1,-1
69,24,504.26,193.31,25.80,75.79,0.6365,-1,-1,-1
70,1,326.77,0.03,276.93,480.12,0.8924,-1,-1,-1
70,2,1.79,1.63,220.13,477.74,0.8235,-1,-1,-1
70,22,174.45,9.65,99.47,429.95,0.8348,-1,-1,-1
70,24,504.89,193.18,25.67,75.88,0.6172,-1,-1,-1
70,25,294.54,176.77,28.29,85.37,0.5253,-1,-1,-1
71,1,325.38,-0.26,278.45,480.40,0.8761,-1,-1,-1
71,2,0.99,1.33,220.69,478.57,0.8286,-1,-1,-1
71,22,176.75,8.64,98.03,429.47,0.8365,-1,-1,-1
71,24,505.32,193.29,25.22,75.02,0.5617,-1,-1,-1
71,25,293.47,176.70,28.11,84.80,0.5884,-1,-1,-1
72,1,324.24,-0.02,279.87,480.15,0.8827,-1,-1,-1
72,2,0.78,1.16,221.08,478.93,0.8600,-1,-1,-1
72,22,178.48,8.01,96.86,429.49,0.8375,-1,-1,-1
72,24,505.48,192.97,25.31,75.85,0.5834,-1,-1,-1
72,25,292.27,176.72,28.29,85.03,0.6204,-1,-1,-1
73,1,322.57,0.05,281.53,480.06,0.8920,-1,-1,-1
73,2,0.72,1.17,221.31,478.98,0.8543,-1,-1,-1
73,22,180.56,9.60,95.61,427.25,0.8394,-1,-1,-1
73,24,504.77,192.40,25.62,77.39,0.5062,-1,-1,-1
73,25,291.48,177.11,27.77,83.07,0.6042,-1,-1,-1
73,26,586.26,196.24,23.14,51.79,0.5500,-1,-1,-1
74,1,320.29,-0.15,282.93,480.25,0.8500,-1,-1,-1
74,2,0.93,1.18,221.24,478.27,0.8477,-1,-1,-1
74,22,182.07,9.26,94.91,426.63,0.8486,-1,-1,-1
74,24,504.40,193.00,25.08,76.29,0.5653,-1,-1,-1
74,25,291.31,177.10,27.64,82.30,0.5464,-1,-1,-1
75,1,315.23,0.15,283.95,479.94,0.8711,-1,-1,-1
75,2,1.05,0.90,221.41,478.44,0.8279,-1,-1,-1
75,22,183.90,9.55,94.15,425.46,0.8458,-1,-1,-1
75,25,291.53,177.30,27.70,81.90,0.6049,-1,-1,-1
76,1,312.90,-0.10,284.91,479.24,0.8883,-1,-1,-1
76,2,1.14,0.76,221.44,478.38,0.8184,-1,-1,-1
76,22,184.91,9.89,93.64,424.97,0.8553,-1,-1,-1
76,25,291.46,177.06,27.69,81.40,0.6551,-1,-1,-1
77,1,310.10,-0.17,285.36,478.17,0.8744,-1,-1,-1
77,2,1.66,0.73,221.15,477.42,0.8269,-1,-1,-1
77,22,185.71,9.79,93.05,423.95,0.8452,-1,-1,-1
77,25,291.69,176.83,27.91,81.19,0.6553,-1,-1,-1
78,1,308.22,-0.18,286.09,477.30,0.8931,-1,-1,-1
78,2,1.57,0.95,221.75,478.42,0.8335,-1,-1,-1
78,22,186.37,9.30,92.41,423.74,0.8443,-1,-1,-1
79,1,306.42,-0.17,287.20,479.13,0.8717,-1,-1,-1
79,2,1.79,0.73,221.84,478.35,0.8325,-1,-1,-1
79,22,186.02,9.87,91.71,423.68,0.8373,-1,-1,-1
80,1,307.53,-0.16,286.14,479.82,0.8759,-1,-1,-1
80,2,1.76,1.05,222.20,478.67,0.8516,-1,-1,-1
80,22,186.04,10.74,91.19,424.15,0.8294,-1,-1,-1
81,1,308.04,-0.14,285.32,480.06,0.8798,-1,-1,-1
81,2,2.49,1.16,222.61,478.54,0.8432,-1,-1,-1
81,22,186.43,11.07,89.91,420.81,0.7937,-1,-1,-1
82,1,309.99,-0.13,283.73,480.14,0.8624,-1,-1,-1
82,2,3.95,1.25,222.88,477.20,0.8403,-1,-1,-1
82,22,186.64,11.89,89.21,419.98,0.7392,-1,-1,-1
83,1,308.42,-0.11,281.74,477.24,0.8782,-1,-1,-1
83,2,2.33,1.37,223.26,477.60,0.8173,-1,-1,-1
83,22,185.70,13.02,89.23,422.75,0.8172,-1,-1,-1
84,1,305.27,-0.10,281.84,478.72,0.9028,-1,-1,-1
84,2,1.54,1.47,223.05,476.73,0.7691,-1,-1,-1
84,22,183.17,12.37,89.57,425.91,0.7983,-1,-1,-1
85,1,306.61,-0.04,281.52,478.48,0.8923,-1,-1,-1
85,2,3.35,1.57,223.32,475.43,0.7584,-1,-1,-1
85,22,180.81,14.21,88.79,424.39,0.7471,-1,-1,-1
86,1,307.13,-0.00,280.61,476.98,0.8679,-1,-1,-1
86,2,3.07,1.68,224.10,476.02,0.7405,-1,-1,-1
86,22,177.60,16.41,88.27,423.53,0.7507,-1,-1,-1
87,1,307.78,0.02,281.19,478.89,0.8880,-1,-1,-1
87,2,3.77,1.75,224.66,475.37,0.7021,-1,-1,-1
87,22,174.69,17.07,86.38,414.59,0.6689,-1,-1,-1
87,24,503.27,193.12,24.72,75.83,0.6588,-1,-1,-1
88,1,306.86,0.57,281.26,479.07,0.8988,-1,-1,-1
88,2,1.90,1.76,224.95,475.69,0.8129,-1,-1,-1
88,22,173.09,20.64,85.49,411.88,0.7451,-1,-1,-1
88,24,504.17,193.10,24.77,76.90,0.5258,-1,-1,-1
89,1,308.58,0.50,280.89,479.42,0.8955,-1,-1,-1
89,2,0.97,1.74,225.36,476.38,0.8042,-1,-1,-1
89,22,171.92,22.67,84.44,406.74,0.7138,-1,-1,-1
89,24,504.70,192.84,24.40,77.04,0.5054,-1,-1,-1
90,1,308.05,0.60,280.76,479.42,0.8977,-1,-1,-1
90,2,-0.42,1.57,225.47,477.14,0.7954,-1,-1,-1
90,22,170.67,23.58,84.20,403.70,0.7513,-1,-1,-1
91,1,308.33,0.82,280.64,479.22,0.8943,-1,-1,-1
91,2,-0.99,1.44,225.30,477.34,0.7909,-1,-1,-1
91,22,170.08,23.99,84.60,402.74,0.7204,-1,-1,-1
92,1,306.81,0.63,280.83,479.03,0.9045,-1,-1,-1
92,2,2.48,1.46,225.69,476.32,0.7655,-1,-1,-1
92,22,170.53,24.48,85.08,400.53,0.6925,-1,-1,-1
93,1,305.78,0.45,280.59,478.87,0.8917,-1,-1,-1
93,2,0.45,1.43,225.03,475.31,0.8433,-1,-1,-1
93,22,173.28,24.10,88.02,406.56,0.7883,-1,-1,-1
94,1,305.32,0.14,280.71,479.60,0.9028,-1,-1,-1
94,2,-0.18,1.50,224.82,475.11,0.8469,-1,-1,-1
94,22,174.63,24.06,90.08,408.74,0.7889,-1,-1,-1
95,1,305.82,0.03,279.58,478.16,0.9010,-1,-1,-1
95,2,-0.39,1.49,224.63,475.08,0.8603,-1,-1,-1
95,22,175.85,22.59,91.91,411.64,0.7886,-1,-1,-1
96,1,305.18,-0.01,279.82,479.36,0.8999,-1,-1,-1
96,2,-0.38,1.60,224.22,474.54,0.8357,-1,-1,-1
96,22,176.64,22.11,92.71,411.34,0.7914,-1,-1,-1
96,28,265.86,192.14,16.23,56.62,0.5346,-1,-1,-1
96,29,301.29,177.99,23.62,80.83,0.5020,-1,-1,-1
97,1,305.99,0.01,278.67,477.75,0.9031,-1,-1,-1
97,2,-0.00,1.50,223.37,472.87,0.8640,-1,-1,-1
97,22,177.61,21.08,93.28,412.15,0.8179,-1,-1,-1
97,28,263.11,191.99,16.71,58.27,0.5794,-1,-1,-1
97,29,301.52,178.77,23.61,80.85,0.5721,-1,-1,-1
98,1,306.77,-0.02,278.44,477.96,0.9064,-1,-1,-1
98,2,0.12,1.33,223.28,472.85,0.8745,-1,-1,-1
98,22,180.56,20.45,93.14,412.51,0.8351,-1,-1,-1
98,29,301.48,178.22,24.04,82.45,0.5933,-1,-1,-1
98,24,505.50,192.56,23.74,76.60,0.5041,-1,-1,-1
99,1,307.32,-0.02,278.14,478.04,0.9089,-1,-1,-1
99,2,-0.05,1.14,223.65,473.94,0.8855,-1,-1,-1
99,22,183.40,20.76,92.72,411.75,0.8484,-1,-1,-1
99,29,301.34,177.87,23.66,81.05,0.5364,-1,-1,-1
100,1,307.77,-0.02,277.51,477.64,0.9027,-1,-1,-1
100,2,-0.49,1.04,223.84,474.93,0.8820,-1,-1,-1
100,22,185.61,18.99,92.72,413.14,0.8407,-1,-1,-1
100,29,301.73,178.28,23.48,80.06,0.5874,-1,-1,-1
100,25,278.88,178.21,27.38,80.50,0.5712,-1,-1,-1
100,24,505.32,192.54,23.28,75.90,0.5333,-1,-1,-1
101,1,308.07,-0.02,277.97,479.17,0.9086,-1,-1,-1
101,2,-0.47,0.93,223.70,475.09,0.8767,-1,-1,-1
101,22,188.61,17.59,92.74,413.58,0.8511,-1,-1,-1
102,1,309.27,0.02,276.97,478.40,0.9022,-1,-1,-1
102,2,-0.52,0.86,223.67,475.46,0.8734,-1,-1,-1
102,22,190.16,16.34,92.85,413.29,0.8479,-1,-1,-1
103,1,310.38,-0.00,276.99,479.46,0.9122,-1,-1,-1
103,2,-0.65,0.97,223.79,476.20,0.8702,-1,-1,-1
103,22,191.24,16.87,93.10,414.35,0.8402,-1,-1,-1
104,1,312.24,-0.01,276.94,479.85,0.9108,-1,-1,-1
104,2,-0.54,0.87,223.88,476.67,0.8893,-1,-1,-1
104,22,191.25,17.39,92.87,414.76,0.8419,-1,-1,-1
105,1,312.96,-0.01,276.83,480.00,0.9087,-1,-1,-1
105,2,-0.36,0.66,223.81,476.69,0.8627,-1,-1,-1
105,22,191.13,17.11,91.93,411.80,0.8375,-1,-1,-1
106,1,313.92,-0.01,276.55,479.45,0.9044,-1,-1,-1
106,2,-0.28,0.48,224.10,477.49,0.8800,-1,-1,-1
106,22,190.33,16.68,91.79,414.05,0.8269,-1,-1,-1
106,29,300.86,178.69,24.06,82.08,0.6317,-1,-1,-1
106,25,278.23,178.79,27.18,81.36,0.5835,-1,-1,-1
107,1,314.87,0.22,276.59,478.87,0.8953,-1,-1,-1
107,2,0.11,0.31,224.39,478.01,0.8803,-1,-1,-1
107,22,190.22,16.70,91.37,414.61,0.8186,-1,-1,-1
107,29,301.05,178.56,24.11,82.16,0.5889,-1,-1,-1
107,25,278.97,179.31,26.51,79.89,0.5654,-1,-1,-1
108,1,315.71,0.08,276.76,477.68,0.8996,-1,-1,-1
108,2,0.45,0.15,224.41,477.76,0.8742,-1,-1,-1
108,22,189.84,16.28,91.01,415.26,0.8234,-1,-1,-1
108,29,301.24,178.73,23.97,81.54,0.6020,-1,-1,-1
108,25,279.05,180.59,25.79,78.10,0.5106,-1,-1,-1
109,1,316.63,0.02,276.70,475.97,0.8313,-1,-1,-1
109,2,0.02,0.02,224.74,478.56,0.8857,-1,-1,-1
109,22,189.04,16.65,90.58,414.23,0.8310,-1,-1,-1
109,29,301.11,178.44,24.12,82.17,0.5538,-1,-1,-1
109,25,279.12,180.56,25.82,78.12,0.5028,-1,-1,-1
110,1,317.20,0.00,278.48,477.31,0.7599,-1,-1,-1
110,2,-0.38,0.07,224.57,478.48,0.9072,-1,-1,-1
110,22,188.71,16.80,90.61,413.93,0.8395,-1,-1,-1
111,1,316.91,-0.00,279.53,476.98,0.7984,-1,-1,-1
111,2,-0.80,0.07,224.61,479.01,0.8961,-1,-1,-1
111,22,188.90,17.10,90.89,414.20,0.8444,-1,-1,-1
112,1,324.09,-0.01,279.83,478.70,0.7949,-1,-1,-1
112,2,-0.86,0.09,224.55,479.27,0.9072,-1,-1,-1
112,22,189.54,16.97,91.62,415.46,0.8493,-1,-1,-1
113,1,317.32,0.12,280.58,479.19,0.8647,-1,-1,-1
113,2,-0.80,0.08,224.29,479.04,0.9028,-1,-1,-1
113,22,189.13,17.71,92.05,416.45,0.8531,-1,-1,-1
114,1,314.14,0.04,281.44,479.32,0.8970,-1,-1,-1
114,2,-0.86,0.01,223.96,478.74,0.8955,-1,-1,-1
114,22,189.07,18.97,91.91,414.32,0.8538,-1,-1,-1
115,1,311.79,0.01,281.05,478.02,0.8815,-1,-1,-1
115,2,-0.84,0.03,223.91,478.99,0.8898,-1,-1,-1
115,22,189.45,19.87,92.32,415.04,0.8666,-1,-1,-1
116,1,308.80,0.00,282.11,479.10,0.8949,-1,-1,-1
116,2,-0.93,-0.01,223.58,478.71,0.8794,-1,-1,-1
116,22,191.08,20.42,92.48,415.56,0.8595,-1,-1,-1
117,1,306.72,-0.00,282.16,479.06,0.8835,-1,-1,-1
117,2,-0.43,0.13,223.36,478.28,0.8703,-1,-1,-1
117,22,192.81,20.39,92.92,416.54,0.8547,-1,-1,-1
118,1,303.65,-0.00,281.47,478.42,0.8898,-1,-1,-1
118,2,0.14,0.30,223.61,478.60,0.8679,-1,-1,-1
118,22,193.54,20.20,93.16,417.56,0.8588,-1,-1,-1
119,1,301.91,-0.00,281.81,479.46,0.9113,-1,-1,-1
119,2,1.40,0.42,224.36,479.23,0.8854,-1,-1,-1
119,22,196.11,19.96,92.48,414.78,0.8164,-1,-1,-1
119,24,501.01,193.26,25.56,78.24,0.6998,-1,-1,-1
120,1,301.07,-0.00,281.89,479.85,0.9103,-1,-1,-1
120,2,2.69,0.54,225.12,479.36,0.8727,-1,-1,-1
120,22,198.35,20.86,91.50,412.18,0.8094,-1,-1,-1
120,24,500.30,193.18,26.55,78.80,0.7203,-1,-1,-1
121,1,301.78,0.37,281.67,479.63,0.8873,-1,-1,-1
121,2,4.34,0.49,226.28,479.53,0.8772,-1,-1,-1
121,22,198.59,21.14,91.65,414.44,0.8196,-1,-1,-1
121,24,499.95,192.91,27.34,79.40,0.6617,-1,-1,-1
122,1,305.27,0.30,281.02,478.30,0.8887,-1,-1,-1
122,2,6.16,0.30,227.68,479.76,0.8574,-1,-1,-1
122,22,198.71,21.79,91.23,416.62,0.8232,-1,-1,-1
122,24,499.95,193.71,27.43,78.43,0.6640,-1,-1,-1
123,1,303.23,0.72,281.41,478.79,0.8961,-1,-1,-1
123,2,7.56,0.93,228.95,479.14,0.8722,-1,-1,-1
123,22,199.23,21.46,90.33,415.25,0.8338,-1,-1,-1
123,24,500.27,194.04,27.77,78.02,0.6804,-1,-1,-1
124,1,303.25,0.38,281.36,479.14,0.9043,-1,-1,-1
124,2,8.49,0.92,230.34,478.49,0.8645,-1,-1,-1
124,22,200.07,22.24,88.64,410.31,0.8398,-1,-1,-1
124,24,500.45,194.21,27.98,77.84,0.6531,-1,-1,-1
124,31,0.28,75.85,38.72,401.80,0.5479,-1,-1,-1
125,1,303.21,0.56,280.87,478.97,0.9025,-1,-1,-1
125,2,8.86,0.85,231.95,478.18,0.8533,-1,-1,-1
125,22,200.48,22.65,87.34,407.00,0.8189,-1,-1,-1
125,24,500.80,193.87,28.01,77.71,0.6406,-1,-1,-1
125,31,1.49,76.51,38.89,402.95,0.5959,-1,-1,-1
126,1,303.17,0.56,280.45,479.09,0.8998,-1,-1,-1
126,2,10.75,0.76,230.14,469.25,0.7892,-1,-1,-1
126,22,200.91,22.65,86.52,406.23,0.7895,-1,-1,-1
126,24,500.94,194.02,28.00,77.79,0.6269,-1,-1,-1
127,1,304.24,0.45,280.14,479.28,0.8968,-1,-1,-1
127,2,9.28,0.91,233.54,473.07,0.8428,-1,-1,-1
127,22,201.88,22.76,85.71,406.02,0.8087,-1,-1,-1
127,24,501.82,193.40,27.84,77.73,0.5878,-1,-1,-1
128,1,304.58,0.54,279.71,479.02,0.9036,-1,-1,-1
128,2,9.47,0.78,235.49,473.10,0.8329,-1,-1,-1
128,22,202.31,22.75,85.20,406.43,0.7369,-1,-1,-1
128,24,502.30,193.86,27.43,76.95,0.6020,-1,-1,-1
128,31,4.16,77.41,39.27,402.68,0.5861,-1,-1,-1
129,1,304.98,0.34,279.13,478.77,0.8964,-1,-1,-1
129,2,8.84,0.83,237.35,473.53,0.8553,-1,-1,-1
129,22,202.46,22.94,84.76,407.02,0.7420,-1,-1,-1
129,24,502.49,193.98,27.33,77.01,0.5890,-1,-1,-1
129,31,4.41,79.43,39.54,400.67,0.6338,-1,-1,-1
130,1,305.02,0.31,278.92,478.86,0.9090,-1,-1,-1
130,2,7.93,0.82,238.09,472.87,0.8327,-1,-1,-1
130,22,202.65,23.66,84.21,406.89,0.7662,-1,-1,-1
130,24,503.35,193.72,27.21,76.94,0.6022,-1,-1,-1
130,31,4.72,80.30,40.02,399.79,0.6942,-1,-1,-1
131,1,304.79,0.44,278.57,478.78,0.8997,-1,-1,-1
131,2,11.13,0.89,237.14,471.06,0.8096,-1,-1,-1
131,22,202.72,23.39,83.56,405.19,0.7974,-1,-1,-1
131,24,502.59,193.64,27.43,77.44,0.6511,-1,-1,-1
132,1,304.43,0.21,278.22,479.09,0.8961,-1,-1,-1
132,2,11.02,0.70,237.10,471.28,0.7880,-1,-1,-1
132,22,201.67,23.07,83.47,405.49,0.8254,-1,-1,-1
132,24,502.34,192.98,27.50,77.68,0.6410,-1,-1,-1
132,29,297.05,177.70,24.62,81.23,0.5026,-1,-1,-1
133,1,304.55,0.06,276.84,477.27,0.8985,-1,-1,-1
133,2,9.16,0.60,238.15,473.82,0.8360,-1,-1,-1
133,22,201.00,22.81,83.56,406.30,0.8321,-1,-1,-1
133,24,502.19,192.91,27.74,78.25,0.5934,-1,-1,-1
133,29,296.60,177.83,25.61,80.96,0.5434,-1,-1,-1
134,1,303.40,0.20,275.92,476.59,0.9034,-1,-1,-1
134,2,8.12,0.70,238.82,476.28,0.8550,-1,-1,-1
134,22,200.24,22.81,83.93,409.69,0.8371,-1,-1,-1
134,24,501.66,192.71,28.10,79.03,0.6285,-1,-1,-1
134,29,296.66,178.22,26.24,80.45,0.5868,-1,-1,-1
135,1,302.99,0.07,276.40,478.77,0.8891,-1,-1,-1
135,2,6.28,0.80,238.91,477.43,0.8785,-1,-1,-1
135,22,200.48,22.82,83.96,411.52,0.8360,-1,-1,-1
135,24,501.01,192.83,28.05,78.90,0.6259,-1,-1,-1
135,29,296.39,177.71,27.03,81.30,0.5319,-1,-1,-1
136,1,302.53,0.08,276.13,479.53,0.8891,-1,-1,-1
136,2,3.71,0.89,238.19,477.47,0.8581,-1,-1,-1
136,22,199.90,23.51,83.75,410.69,0.8288,-1,-1,-1
136,24,500.67,192.62,28.25,79.32,0.6364,-1,-1,-1
137,1,302.58,0.02,275.68,479.88,0.8920,-1,-1,-1
137,2,1.62,0.83,237.20,478.05,0.8566,-1,-1,-1
137,22,197.99,23.16,84.09,409.74,0.8276,-1,-1,-1
137,24,500.80,193.04,28.15,78.91,0.6001,-1,-1,-1
137,29,297.40,177.95,26.88,80.87,0.5052,-1,-1,-1
138,1,302.45,-0.00,275.38,479.96,0.9059,-1,-1,-1
138,2,-0.56,0.55,236.24,479.17,0.8711,-1,-1,-1
138,22,195.82,23.34,85.14,411.39,0.8408,-1,-1,-1
138,24,501.45,192.93,28.12,78.90,0.5734,-1,-1,-1
138,29,296.13,178.31,27.86,80.91,0.6002,-1,-1,-1
139,1,303.21,-0.01,275.17,480.03,0.9105,-1,-1,-1
139,2,-1.84,0.44,235.14,479.59,0.8713,-1,-1,-1
139,22,194.50,22.76,85.81,410.63,0.8469,-1,-1,-1
139,24,501.79,193.39,27.87,78.25,0.5509,-1,-1,-1
139,29,294.98,178.21,28.84,81.10,0.6246,-1,-1,-1
140,1,304.48,0.41,274.75,479.34,0.9103,-1,-1,-1
140,2,-3.52,0.58,233.63,479.31,0.8797,-1,-1,-1
140,22,193.53,22.47,86.67,410.49,0.8525,-1,-1,-1
140,24,502.41,192.95,27.93,78.43,0.5436,-1,-1,-1
140,29,294.32,177.44,29.44,81.85,0.6005,-1,-1,-1
141,1,305.54,0.15,273.39,476.19,0.8997,-1,-1,-1
141,2,-4.70,0.71,231.94,478.87,0.8872,-1,-1,-1
141,22,192.24,21.45,87.89,411.75,0.8562,-1,-1,-1
141,24,502.15,192.90,27.84,78.31,0.5853,-1,-1,-1
142,1,305.25,0.26,274.73,478.15,0.9093,-1,-1,-1
142,2,-5.59,0.88,230.49,479.05,0.8836,-1,-1,-1
142,22,191.38,20.88,89.00,413.06,0.8585,-1,-1,-1
142,24,502.22,192.46,27.90,78.77,0.5656,-1,-1,-1
143,1,306.18,0.09,275.61,479.25,0.9058,-1,-1,-1
143,2,-5.91,0.96,229.16,479.10,0.8861,-1,-1,-1
143,22,190.16,20.42,90.15,413.88,0.8618,-1,-1,-1
143,24,502.67,192.11,27.49,78.50,0.5970,-1,-1,-1
143,29,293.34,178.06,29.80,81.52,0.5429,-1,-1,-1
144,1,307.20,0.03,276.48,479.77,0.9140,-1,-1,-1
144,2,-5.63,1.02,227.84,478.71,0.8927,-1,-1,-1
144,22,189.34,20.46,91.02,413.59,0.8556,-1,-1,-1
144,24,502.80,191.55,27.17,78.69,0.5340,-1,-1,-1
144,29,293.39,178.17,29.52,80.57,0.5565,-1,-1,-1
145,1,310.03,0.00,277.56,479.96,0.9005,-1,-1,-1
145,2,-5.56,1.06,226.51,478.35,0.9011,-1,-1,-1
145,22,187.92,20.24,92.05,413.24,0.8542,-1,-1,-1
145,24,503.69,191.95,26.59,78.10,0.5526,-1,-1,-1
145,29,293.66,178.37,29.29,80.05,0.5813,-1,-1,-1
146,1,311.57,-0.01,278.29,479.84,0.8601,-1,-1,-1
146,2,-5.10,1.21,225.23,477.77,0.8963,-1,-1,-1
146,22,187.22,20.25,92.93,412.69,0.8512,-1,-1,-1
146,29,294.35,178.22,29.00,80.19,0.6026,-1,-1,-1
147,1,321.49,-0.01,277.77,478.10,0.8399,-1,-1,-1
147,2,-4.24,1.35,224.08,477.06,0.8911,-1,-1,-1
147,22,186.88,20.36,93.65,412.62,0.8538,-1,-1,-1
148,1,322.86,-0.01,278.76,477.08,0.8729,-1,-1,-1
148,2,-3.04,1.13,223.71,477.78,0.8647,-1,-1,-1
148,22,187.56,20.34,94.03,412.51,0.8583,-1,-1,-1
149,1,323.58,-0.01,280.50,477.26,0.8849,-1,-1,-1
149,2,-0.64,0.72,224.00,478.93,0.8584,-1,-1,-1
149,22,188.92,20.64,93.92,411.62,0.8564,-1,-1,-1
150,1,323.51,-0.01,282.89,478.57,0.8775,-1,-1,-1
150,2,1.05,0.85,223.93,478.85,0.8666,-1,-1,-1
150,22,189.77,21.32,94.09,412.56,0.8526,-1,-1,-1
