1,1,0.61,675.52,50.94,207.58,0.7037,-1,-1,-1
1,2,1370.39,514.35,33.77,100.00,0.6447,-1,-1,-1
1,3,1609.11,558.15,56.10,115.71,0.6023,-1,-1,-1
2,1,-4.93,662.71,51.92,212.54,0.6570,-1,-1,-1
2,2,1371.66,513.66,34.11,101.04,0.6425,-1,-1,-1
2,3,1614.65,550.40,59.85,123.42,0.6602,-1,-1,-1
3,1,-8.04,685.19,51.25,211.89,0.6504,-1,-1,-1
3,2,1373.99,508.77,35.64,105.41,0.5891,-1,-1,-1
3,3,1620.78,548.62,58.97,121.32,0.6539,-1,-1,-1
3,4,1536.45,553.35,49.43,117.72,0.6498,-1,-1,-1
4,2,1378.47,506.00,36.68,108.57,0.7124,-1,-1,-1
4,3,1628.95,547.32,60.86,125.11,0.7595,-1,-1,-1
4,4,1543.43,552.73,50.33,120.22,0.6529,-1,-1,-1
4,6,94.31,722.76,45.29,100.41,0.5896,-1,-1,-1
5,2,1382.54,512.45,37.15,110.39,0.7115,-1,-1,-1
5,3,1636.48,559.58,60.24,123.58,0.6361,-1,-1,-1
5,6,80.27,717.17,46.31,102.73,0.5019,-1,-1,-1
6,2,1388.11,523.00,36.25,108.59,0.6359,-1,-1,-1
6,3,1644.35,570.20,60.91,124.40,0.7573,-1,-1,-1
6,7,1462.28,503.92,28.24,87.90,0.5390,-1,-1,-1
7,2,1390.33,519.95,36.85,111.24,0.5820,-1,-1,-1
7,3,1651.37,571.63,62.76,127.98,0.7406,-1,-1,-1
7,4,1563.35,566.19,52.95,126.26,0.5744,-1,-1,-1
8,2,1393.70,528.86,36.05,109.09,0.6718,-1,-1,-1
8,3,1658.81,575.81,63.83,129.83,0.6627,-1,-1,-1
8,4,1569.87,577.74,51.93,123.89,0.5488,-1,-1,-1
8,7,1468.18,508.77,28.26,87.60,0.5230,-1,-1,-1
9,2,1396.94,532.77,35.58,107.64,0.6747,-1,-1,-1
9,3,1664.54,581.99,65.00,132.07,0.6920,-1,-1,-1
9,4,1576.19,586.68,51.78,123.74,0.5052,-1,-1,-1
10,2,1399.16,539.68,35.50,107.11,0.6591,-1,-1,-1
10,3,1670.66,597.00,63.67,129.01,0.7865,-1,-1,-1
10,4,1581.97,600.17,51.31,122.79,0.6845,-1,-1,-1
10,8,3.96,730.03,47.69,115.50,0.6397,-1,-1,-1
11,2,1401.67,534.77,35.61,107.22,0.6749,-1,-1,-1
11,3,1678.21,584.98,65.96,134.00,0.7657,-1,-1,-1
11,4,1588.21,592.87,52.45,125.84,0.6553,-1,-1,-1
12,2,1403.83,533.65,36.54,109.85,0.6856,-1,-1,-1
12,3,1686.58,589.32,65.56,133.29,0.7709,-1,-1,-1
12,4,1595.83,593.77,53.32,127.96,0.7065,-1,-1,-1
13,2,1407.79,531.90,35.44,106.42,0.7171,-1,-1,-1
13,3,1693.47,591.37,65.11,132.37,0.7226,-1,-1,-1
13,4,1601.49,595.90,53.29,127.04,0.6664,-1,-1,-1
14,2,1409.62,530.53,34.68,103.70,0.6684,-1,-1,-1
14,3,1700.72,586.36,65.33,133.48,0.6837,-1,-1,-1
14,4,1610.45,589.92,54.19,129.17,0.6282,-1,-1,-1
15,2,1412.38,531.77,35.35,105.67,0.5294,-1,-1,-1
15,3,1708.38,585.98,66.65,137.22,0.7500,-1,-1,-1
15,4,1618.51,592.51,54.20,129.64,0.7189,-1,-1,-1
16,2,1416.16,533.06,35.06,105.00,0.5458,-1,-1,-1
16,3,1714.58,590.75,65.84,136.52,0.7422,-1,-1,-1
16,4,1626.61,594.27,54.65,130.42,0.6976,-1,-1,-1
17,2,1418.96,533.42,35.99,107.47,0.6035,-1,-1,-1
17,3,1721.56,590.70,66.46,138.70,0.7096,-1,-1,-1
17,4,1634.03,591.18,55.76,133.62,0.6952,-1,-1,-1
18,2,1421.10,533.70,36.43,108.58,0.6993,-1,-1,-1
18,3,1730.46,593.76,65.76,138.15,0.7042,-1,-1,-1
18,4,1642.77,591.91,56.07,134.82,0.6255,-1,-1,-1
18,12,475.66,541.60,36.62,104.59,0.5551,-1,-1,-1
19,2,1423.71,534.43,36.46,108.15,0.7342,-1,-1,-1
19,3,1739.79,595.24,65.95,139.12,0.7481,-1,-1,-1
19,12,474.15,540.48,37.09,105.88,0.5131,-1,-1,-1
19,13,512.45,540.13,38.32,107.54,0.5126,-1,-1,-1
20,2,1425.91,534.86,36.28,106.86,0.7477,-1,-1,-1
20,3,1748.48,596.96,65.98,139.89,0.7429,-1,-1,-1
20,4,1657.83,594.45,55.76,135.13,0.6052,-1,-1,-1
21,2,1427.55,533.40,37.76,110.64,0.6908,-1,-1,-1
21,3,1756.74,597.83,66.00,140.60,0.7462,-1,-1,-1
21,4,1666.02,596.81,56.26,136.70,0.6871,-1,-1,-1
21,13,507.12,539.66,40.11,112.63,0.5237,-1,-1,-1
22,2,1431.52,536.92,36.39,105.20,0.6691,-1,-1,-1
22,3,1768.29,601.24,64.81,139.08,0.7483,-1,-1,-1
22,4,1673.38,598.22,57.13,139.70,0.6264,-1,-1,-1
22,13,503.94,543.25,39.74,111.89,0.5124,-1,-1,-1
22,12,466.04,550.11,36.43,103.97,0.5558,-1,-1,-1
23,2,1432.60,538.27,37.72,108.47,0.6631,-1,-1,-1
23,3,1776.68,600.92,66.67,143.99,0.7717,-1,-1,-1
23,4,1680.19,600.44,57.91,142.09,0.7254,-1,-1,-1
23,13,501.09,547.27,39.04,109.40,0.5497,-1,-1,-1
24,2,1435.39,532.90,39.37,113.88,0.6539,-1,-1,-1
24,3,1786.08,596.34,68.89,149.81,0.7111,-1,-1,-1
24,4,1687.22,601.86,58.29,142.84,0.7311,-1,-1,-1
25,2,1437.65,534.43,41.10,119.13,0.6621,-1,-1,-1
25,3,1796.28,601.99,68.37,148.67,0.7095,-1,-1,-1
25,4,1694.18,606.17,59.48,146.91,0.7278,-1,-1,-1
26,2,1440.89,537.27,41.46,119.23,0.7230,-1,-1,-1
26,3,1806.89,606.52,68.02,147.49,0.5900,-1,-1,-1
26,4,1702.85,610.60,60.24,149.06,0.7248,-1,-1,-1
26,12,457.89,550.65,39.41,112.01,0.5107,-1,-1,-1
26,13,494.88,549.12,40.78,114.34,0.5505,-1,-1,-1
27,2,1444.29,540.81,40.37,115.68,0.7473,-1,-1,-1
27,3,1815.83,610.68,69.78,150.22,0.6523,-1,-1,-1
27,4,1710.66,614.98,60.25,149.15,0.6736,-1,-1,-1
27,13,494.29,559.05,38.40,107.05,0.6101,-1,-1,-1
28,2,1449.07,544.62,39.91,112.34,0.7280,-1,-1,-1
28,3,1823.70,611.40,72.36,155.43,0.7715,-1,-1,-1
28,4,1717.78,617.17,61.11,151.60,0.6737,-1,-1,-1
28,13,492.33,564.14,37.45,103.84,0.5865,-1,-1,-1
28,14,1534.25,524.93,31.91,83.89,0.5366,-1,-1,-1
29,2,1452.26,549.26,39.36,110.77,0.7081,-1,-1,-1
29,3,1830.90,617.90,74.06,158.86,0.6925,-1,-1,-1
29,4,1724.40,621.80,63.27,157.94,0.7233,-1,-1,-1
29,13,491.60,568.58,36.22,99.90,0.5287,-1,-1,-1
29,14,1535.28,525.41,34.11,89.72,0.5617,-1,-1,-1
30,2,1455.24,550.38,39.88,111.60,0.6417,-1,-1,-1
30,3,1839.70,621.04,72.57,153.72,0.6343,-1,-1,-1
30,4,1735.19,624.50,63.42,159.49,0.7528,-1,-1,-1
30,13,489.58,573.83,36.92,101.47,0.5004,-1,-1,-1
30,14,1537.94,525.31,34.96,92.01,0.5648,-1,-1,-1
30,12,445.89,564.74,39.82,111.93,0.6151,-1,-1,-1
31,2,1457.02,551.50,42.20,118.48,0.6285,-1,-1,-1
31,3,1850.01,626.26,71.12,151.42,0.6390,-1,-1,-1
31,4,1746.79,628.22,61.83,156.28,0.5785,-1,-1,-1
31,12,443.54,575.80,39.30,110.30,0.5757,-1,-1,-1
32,2,1460.17,555.85,42.19,119.31,0.6370,-1,-1,-1
32,3,1854.44,633.35,73.02,158.55,0.6872,-1,-1,-1
32,4,1756.61,631.84,61.60,155.81,0.6769,-1,-1,-1
32,12,442.18,575.08,38.87,108.15,0.5729,-1,-1,-1
32,13,486.48,575.08,38.78,106.67,0.5267,-1,-1,-1
32,14,1545.29,529.81,34.66,91.37,0.5976,-1,-1,-1
33,2,1463.60,547.32,43.66,123.94,0.7429,-1,-1,-1
33,3,1859.46,626.74,74.04,166.73,0.6662,-1,-1,-1
33,4,1766.77,625.34,60.79,153.75,0.6461,-1,-1,-1
33,12,439.77,568.57,39.04,108.61,0.5151,-1,-1,-1
33,14,1549.05,522.14,34.18,90.24,0.6533,-1,-1,-1
34,2,1467.51,546.20,43.72,124.80,0.7610,-1,-1,-1
34,3,1869.33,633.39,64.95,152.09,0.5550,-1,-1,-1
34,4,1775.60,622.86,62.10,156.36,0.7453,-1,-1,-1
34,14,1552.12,519.63,34.74,92.19,0.5972,-1,-1,-1
34,13,479.89,569.30,40.79,112.85,0.5207,-1,-1,-1
35,2,1471.11,541.92,44.30,125.95,0.7299,-1,-1,-1
35,4,1785.68,622.98,63.09,157.85,0.6379,-1,-1,-1
35,14,1557.71,517.18,34.50,92.24,0.5334,-1,-1,-1
36,2,1475.55,538.36,45.04,128.72,0.7514,-1,-1,-1
36,4,1794.56,620.13,66.26,165.09,0.7064,-1,-1,-1
37,2,1479.53,538.24,44.38,127.56,0.7195,-1,-1,-1
37,4,1803.54,621.86,68.40,168.50,0.7729,-1,-1,-1
38,2,1483.03,534.69,44.69,129.71,0.7105,-1,-1,-1
38,4,1811.92,618.93,71.75,175.47,0.7811,-1,-1,-1
38,13,466.90,544.87,44.49,123.31,0.5374,-1,-1,-1
39,2,1487.23,537.21,44.18,128.46,0.7030,-1,-1,-1
39,4,1823.12,626.29,72.00,174.99,0.7505,-1,-1,-1
39,14,1579.11,508.32,35.82,96.35,0.5142,-1,-1,-1
40,2,1491.07,536.69,43.63,127.45,0.7111,-1,-1,-1
40,4,1834.17,627.00,73.22,177.65,0.7794,-1,-1,-1
41,2,1496.00,543.78,42.12,122.06,0.6972,-1,-1,-1
41,4,1844.72,631.46,74.07,179.83,0.7577,-1,-1,-1
42,2,1501.16,546.79,41.90,121.03,0.6868,-1,-1,-1
42,4,1853.08,636.49,73.18,180.60,0.6916,-1,-1,-1
42,12,417.93,538.09,45.31,126.90,0.5487,-1,-1,-1
42,14,1593.21,507.64,36.80,99.90,0.5748,-1,-1,-1
43,2,1505.73,548.49,42.32,122.26,0.6678,-1,-1,-1
43,4,1862.29,642.52,68.53,174.04,0.6621,-1,-1,-1
43,12,415.07,536.06,46.24,129.91,0.5425,-1,-1,-1
43,14,1596.52,510.21,35.97,98.28,0.5064,-1,-1,-1
44,2,1511.35,551.73,41.98,121.03,0.6220,-1,-1,-1
44,4,1870.50,649.22,63.88,169.18,0.6409,-1,-1,-1
44,14,1600.62,510.16,36.88,100.35,0.5301,-1,-1,-1
45,2,1515.24,554.91,44.01,127.09,0.7575,-1,-1,-1
45,14,1605.07,512.65,37.62,101.46,0.5885,-1,-1,-1
46,2,1518.63,554.80,45.53,132.64,0.7570,-1,-1,-1
46,14,1609.68,514.67,37.66,100.95,0.5480,-1,-1,-1
47,2,1523.85,558.21,45.20,132.08,0.7205,-1,-1,-1
47,14,1617.52,523.78,35.42,95.07,0.5303,-1,-1,-1
48,2,1528.33,559.87,45.60,133.41,0.7090,-1,-1,-1
48,14,1621.42,527.16,34.29,92.68,0.6493,-1,-1,-1
49,2,1532.74,559.51,46.26,135.83,0.7107,-1,-1,-1
49,14,1625.35,531.58,33.54,91.22,0.7156,-1,-1,-1
49,13,445.43,550.87,45.06,125.62,0.5423,-1,-1,-1
50,2,1537.50,558.45,46.71,137.41,0.6966,-1,-1,-1
50,13,444.55,557.45,43.03,119.38,0.5618,-1,-1,-1
51,2,1542.10,560.82,46.84,137.86,0.6992,-1,-1,-1
51,13,443.26,564.62,40.97,112.03,0.5522,-1,-1,-1
51,14,1635.72,533.95,32.71,89.89,0.6433,-1,-1,-1
52,2,1546.47,559.05,49.50,145.67,0.7092,-1,-1,-1
52,13,441.98,567.96,40.28,109.85,0.5690,-1,-1,-1
52,14,1639.29,533.09,32.79,90.92,0.5623,-1,-1,-1
52,12,395.96,550.32,44.55,124.19,0.5372,-1,-1,-1
53,2,1550.66,557.50,51.21,150.74,0.6876,-1,-1,-1
53,13,440.03,566.68,41.75,113.01,0.5363,-1,-1,-1
53,14,1643.50,533.73,32.24,89.94,0.5337,-1,-1,-1
53,12,392.64,550.55,45.43,126.59,0.5311,-1,-1,-1
54,2,1553.91,557.46,52.15,153.36,0.7243,-1,-1,-1
54,13,437.55,567.58,42.05,112.92,0.5620,-1,-1,-1
54,14,1647.96,534.43,31.95,89.61,0.5927,-1,-1,-1
54,12,388.26,549.22,46.00,128.65,0.5157,-1,-1,-1
55,2,1557.69,554.88,53.41,157.49,0.7489,-1,-1,-1
55,14,1653.11,533.63,32.59,91.45,0.6041,-1,-1,-1
55,12,383.99,545.24,47.23,132.98,0.5710,-1,-1,-1
56,2,1562.33,554.23,53.27,157.46,0.7373,-1,-1,-1
56,14,1657.12,527.62,35.14,98.53,0.7227,-1,-1,-1
56,12,382.01,549.46,45.56,128.81,0.5221,-1,-1,-1
57,2,1567.33,552.86,53.40,157.78,0.7168,-1,-1,-1
57,14,1659.45,522.65,36.65,102.81,0.7179,-1,-1,-1
57,12,379.46,550.73,45.07,127.91,0.5247,-1,-1,-1
58,2,1572.16,556.28,52.22,153.77,0.6330,-1,-1,-1
58,14,1661.52,516.53,37.99,107.02,0.6824,-1,-1,-1
58,12,376.28,548.27,45.33,129.58,0.5754,-1,-1,-1
59,2,1578.09,561.67,50.66,149.07,0.6308,-1,-1,-1
59,14,1664.89,511.72,39.53,110.90,0.6578,-1,-1,-1
59,12,372.53,545.10,45.40,131.28,0.5620,-1,-1,-1
60,2,1581.87,560.47,51.38,151.23,0.6268,-1,-1,-1
60,14,1667.11,510.69,39.93,111.27,0.7210,-1,-1,-1
60,12,368.47,546.57,44.35,129.29,0.5510,-1,-1,-1
61,2,1585.31,552.12,53.11,156.71,0.6205,-1,-1,-1
61,14,1669.42,509.51,39.71,108.85,0.7169,-1,-1,-1
62,2,1590.26,554.66,53.11,156.19,0.7001,-1,-1,-1
62,14,1673.91,516.04,38.99,105.00,0.5488,-1,-1,-1
63,2,1596.32,547.73,53.07,156.02,0.6411,-1,-1,-1
63,14,1680.77,515.06,36.39,97.32,0.5719,-1,-1,-1
64,2,1601.77,558.67,52.69,153.30,0.6265,-1,-1,-1
64,14,1687.12,525.47,35.37,95.00,0.6374,-1,-1,-1
65,2,1605.31,561.13,52.43,151.18,0.7297,-1,-1,-1
65,14,1690.89,528.14,33.79,90.74,0.6811,-1,-1,-1
66,2,1611.57,561.64,52.44,150.25,0.7218,-1,-1,-1
66,14,1697.00,522.78,34.09,91.80,0.6913,-1,-1,-1
66,18,287.60,565.89,42.47,114.72,0.5079,-1,-1,-1
66,13,398.97,566.87,46.51,123.52,0.5012,-1,-1,-1
66,12,348.69,556.77,46.39,134.96,0.6009,-1,-1,-1
67,2,1615.29,566.10,53.81,153.52,0.7347,-1,-1,-1
67,14,1699.97,532.13,33.91,90.96,0.6537,-1,-1,-1
67,13,395.10,561.64,45.94,121.47,0.5553,-1,-1,-1
67,12,344.47,548.52,47.09,135.74,0.5524,-1,-1,-1
68,2,1619.18,565.52,53.87,152.80,0.7318,-1,-1,-1
68,14,1702.65,529.99,33.56,90.09,0.5779,-1,-1,-1
68,13,390.50,562.07,47.15,123.22,0.5489,-1,-1,-1
68,12,341.54,554.06,46.01,132.12,0.5780,-1,-1,-1
69,2,1623.32,569.62,55.32,156.02,0.7563,-1,-1,-1
69,14,1705.37,535.97,33.95,90.88,0.6500,-1,-1,-1
70,2,1627.47,567.76,55.97,156.84,0.7757,-1,-1,-1
70,14,1706.62,535.65,34.51,92.32,0.5962,-1,-1,-1
70,13,380.85,556.95,48.70,127.74,0.5873,-1,-1,-1
70,12,332.00,547.25,48.25,138.02,0.5193,-1,-1,-1
71,2,1631.32,570.82,56.84,158.83,0.7564,-1,-1,-1
71,14,1707.79,536.85,34.86,93.24,0.6897,-1,-1,-1
71,13,375.59,554.20,49.00,128.68,0.5607,-1,-1,-1
71,12,329.24,547.22,47.54,135.92,0.5147,-1,-1,-1
72,2,1633.53,563.22,60.40,169.28,0.7885,-1,-1,-1
72,14,1708.83,536.91,34.56,91.89,0.6906,-1,-1,-1
72,13,370.65,554.38,49.24,130.13,0.6105,-1,-1,-1
72,12,326.32,550.43,47.29,134.39,0.6164,-1,-1,-1
73,2,1637.86,563.91,61.15,171.64,0.6738,-1,-1,-1
73,14,1710.64,538.49,35.66,93.92,0.5833,-1,-1,-1
73,13,366.02,550.26,49.83,132.54,0.5836,-1,-1,-1
74,2,1643.14,568.82,60.77,169.07,0.7210,-1,-1,-1
74,14,1712.39,537.28,35.69,93.55,0.5858,-1,-1,-1
75,2,1646.68,575.46,60.09,165.46,0.7429,-1,-1,-1
75,14,1713.77,538.90,35.90,93.58,0.5706,-1,-1,-1
75,13,356.02,555.05,48.28,128.73,0.6082,-1,-1,-1
76,2,1650.21,578.28,60.16,164.43,0.7341,-1,-1,-1
76,14,1714.94,539.57,35.55,91.75,0.5478,-1,-1,-1
77,2,1653.28,580.66,60.67,163.64,0.7195,-1,-1,-1
77,14,1715.81,540.76,35.58,91.10,0.5368,-1,-1,-1
77,13,343.97,550.49,49.34,132.00,0.6133,-1,-1,-1
78,2,1656.37,581.92,61.65,164.45,0.7336,-1,-1,-1
78,14,1715.75,541.09,35.87,91.15,0.5829,-1,-1,-1
78,13,339.62,551.80,49.33,132.61,0.5297,-1,-1,-1
79,2,1659.09,584.68,62.26,162.90,0.7503,-1,-1,-1
79,14,1715.49,540.66,35.99,90.62,0.5743,-1,-1,-1
79,13,333.83,549.28,50.33,135.42,0.5562,-1,-1,-1
79,18,273.78,537.92,55.00,145.88,0.5009,-1,-1,-1
80,2,1659.73,583.01,64.65,166.41,0.7249,-1,-1,-1
80,14,1714.72,537.78,36.66,91.60,0.6115,-1,-1,-1
80,13,327.94,551.74,50.03,134.60,0.6084,-1,-1,-1
80,18,268.68,536.45,57.02,148.57,0.5575,-1,-1,-1
81,2,1661.66,582.67,65.58,167.01,0.7504,-1,-1,-1
81,14,1713.87,536.79,36.85,91.45,0.5704,-1,-1,-1
81,13,320.44,552.81,49.99,133.94,0.5708,-1,-1,-1
82,2,1663.17,583.09,67.22,170.08,0.7395,-1,-1,-1
82,14,1712.99,537.13,36.68,91.19,0.6128,-1,-1,-1
83,2,1666.18,582.57,67.78,171.96,0.7061,-1,-1,-1
83,14,1712.43,536.88,36.52,91.08,0.5894,-1,-1,-1
83,13,306.73,557.51,49.38,131.32,0.6694,-1,-1,-1
84,2,1666.95,580.59,70.02,176.76,0.7242,-1,-1,-1
84,14,1712.12,535.93,36.70,92.25,0.5715,-1,-1,-1
84,19,123.17,560.98,52.40,134.25,0.5341,-1,-1,-1
84,13,299.81,561.56,49.13,128.42,0.5318,-1,-1,-1
85,2,1668.90,580.85,71.23,179.62,0.7671,-1,-1,-1
85,19,115.54,564.16,51.98,133.07,0.5264,-1,-1,-1
85,13,292.41,562.03,49.36,128.96,0.5021,-1,-1,-1
86,2,1671.70,580.89,71.19,179.79,0.7646,-1,-1,-1
86,13,284.82,561.53,50.01,131.16,0.5830,-1,-1,-1
87,2,1673.22,583.51,71.49,180.21,0.7968,-1,-1,-1
87,13,280.34,563.31,50.53,132.05,0.5734,-1,-1,-1
87,19,100.95,562.02,53.07,135.19,0.5342,-1,-1,-1
88,2,1674.83,582.52,72.81,184.04,0.7977,-1,-1,-1
88,13,272.02,567.82,50.56,131.78,0.5029,-1,-1,-1
88,19,92.78,566.09,51.35,130.77,0.5030,-1,-1,-1
89,2,1676.95,583.75,74.02,188.45,0.8037,-1,-1,-1
90,2,1679.78,585.21,74.93,192.21,0.7568,-1,-1,-1
90,13,260.82,570.84,51.73,134.20,0.5301,-1,-1,-1
91,2,1684.36,594.48,73.66,188.64,0.7887,-1,-1,-1
92,2,1688.10,600.17,73.10,186.88,0.7964,-1,-1,-1
92,24,407.85,553.59,46.63,125.29,0.5375,-1,-1,-1
92,13,248.06,558.98,58.64,151.84,0.5456,-1,-1,-1
93,2,1689.82,604.85,73.24,186.97,0.8092,-1,-1,-1
93,24,401.52,556.03,47.05,126.56,0.5216,-1,-1,-1
93,13,241.76,567.73,55.68,144.80,0.5533,-1,-1,-1
94,2,1690.95,607.47,73.52,187.60,0.8040,-1,-1,-1
94,24,392.53,556.09,47.81,128.79,0.6202,-1,-1,-1
94,13,236.04,573.81,54.77,142.13,0.5421,-1,-1,-1
94,25,183.69,562.18,50.09,154.73,0.5233,-1,-1,-1
95,2,1692.74,610.58,74.27,189.29,0.7915,-1,-1,-1
95,24,386.77,558.57,47.59,128.47,0.5344,-1,-1,-1
95,13,228.63,578.44,54.45,140.12,0.5212,-1,-1,-1
95,25,177.48,563.74,50.14,154.58,0.6019,-1,-1,-1
96,2,1695.86,611.68,74.81,190.72,0.7886,-1,-1,-1
96,13,221.27,581.95,54.67,141.54,0.5758,-1,-1,-1
97,2,1700.09,613.14,75.66,192.62,0.7860,-1,-1,-1
97,13,212.86,580.09,55.66,143.87,0.6522,-1,-1,-1
97,26,1692.89,544.77,43.36,94.21,0.5334,-1,-1,-1
97,24,371.36,556.86,49.40,133.65,0.5171,-1,-1,-1
97,25,163.20,578.49,45.93,140.75,0.5563,-1,-1,-1
98,2,1704.16,613.43,76.78,195.59,0.7919,-1,-1,-1
98,13,204.02,581.57,56.15,145.48,0.6216,-1,-1,-1
98,26,1690.18,545.96,43.64,94.96,0.5095,-1,-1,-1
98,24,367.86,575.44,43.37,116.40,0.6109,-1,-1,-1
98,25,155.00,582.78,46.78,142.49,0.5599,-1,-1,-1
99,2,1707.15,614.77,77.61,197.39,0.7603,-1,-1,-1
99,13,196.30,579.76,56.59,147.55,0.6654,-1,-1,-1
99,26,1686.58,546.14,46.38,101.24,0.5021,-1,-1,-1
99,24,359.36,570.54,45.60,122.44,0.5577,-1,-1,-1
100,2,1710.14,614.07,78.74,199.78,0.7946,-1,-1,-1
100,13,189.20,585.47,55.16,143.60,0.6085,-1,-1,-1
100,26,1683.75,548.16,46.57,101.96,0.6411,-1,-1,-1
100,24,351.84,575.30,44.92,119.10,0.5459,-1,-1,-1
100,25,136.48,585.02,46.67,140.08,0.5672,-1,-1,-1
101,2,1712.15,615.87,79.81,202.18,0.7865,-1,-1,-1
101,13,181.23,583.70,55.98,145.02,0.5850,-1,-1,-1
101,26,1681.35,550.21,46.83,103.36,0.7197,-1,-1,-1
101,24,342.90,573.00,45.88,121.01,0.5708,-1,-1,-1
101,25,128.65,580.85,48.56,143.75,0.6033,-1,-1,-1
102,2,1714.64,619.49,79.69,200.93,0.8136,-1,-1,-1
102,13,172.97,583.81,56.19,145.23,0.5693,-1,-1,-1
102,26,1679.69,550.76,46.47,103.71,0.7410,-1,-1,-1
102,24,334.53,575.42,45.84,120.22,0.6190,-1,-1,-1
102,25,119.12,581.54,49.86,145.88,0.6262,-1,-1,-1
103,2,1716.27,619.60,81.65,204.76,0.8262,-1,-1,-1
103,13,165.21,587.33,55.67,143.28,0.5183,-1,-1,-1
103,26,1678.75,550.87,45.62,103.04,0.7189,-1,-1,-1
103,25,108.84,579.32,51.50,149.45,0.5525,-1,-1,-1
104,2,1717.66,623.61,82.92,206.92,0.8178,-1,-1,-1
104,26,1677.66,551.77,44.91,102.89,0.7075,-1,-1,-1
104,25,99.00,577.61,52.28,150.14,0.5657,-1,-1,-1
105,2,1719.32,624.64,84.26,209.66,0.8057,-1,-1,-1
105,26,1676.48,550.57,44.52,103.68,0.6655,-1,-1,-1
105,25,90.11,579.06,52.62,149.83,0.6009,-1,-1,-1
105,24,306.87,566.09,50.63,132.14,0.5166,-1,-1,-1
105,13,147.86,586.49,56.42,144.25,0.5509,-1,-1,-1
106,2,1723.00,625.86,85.18,212.06,0.7799,-1,-1,-1
106,26,1673.72,549.76,44.49,105.53,0.6087,-1,-1,-1
106,25,79.16,575.73,53.96,153.33,0.5599,-1,-1,-1
106,24,299.77,566.64,50.48,131.26,0.5016,-1,-1,-1
106,13,139.22,578.33,59.42,152.14,0.5310,-1,-1,-1
107,2,1725.42,624.29,86.51,216.14,0.7890,-1,-1,-1
107,26,1671.96,548.47,43.69,105.87,0.5536,-1,-1,-1
107,25,69.76,573.31,55.17,155.84,0.5917,-1,-1,-1
107,30,353.71,562.60,41.31,140.79,0.5354,-1,-1,-1
108,2,1727.80,627.59,86.99,217.88,0.8030,-1,-1,-1
108,25,58.00,569.35,57.49,160.35,0.5359,-1,-1,-1
108,30,346.28,563.00,41.47,141.06,0.5371,-1,-1,-1
108,31,210.12,587.10,40.49,101.00,0.5889,-1,-1,-1
108,24,279.68,560.29,53.76,139.76,0.5478,-1,-1,-1
109,2,1729.95,628.53,88.17,221.43,0.8076,-1,-1,-1
109,30,337.29,556.88,43.59,148.58,0.5920,-1,-1,-1
109,31,200.86,587.62,42.00,105.02,0.5079,-1,-1,-1
109,26,1669.13,549.66,42.74,106.45,0.5373,-1,-1,-1
110,2,1731.37,629.25,89.22,224.88,0.8127,-1,-1,-1
110,30,328.92,562.76,41.99,142.59,0.6133,-1,-1,-1
110,31,190.70,587.34,42.14,105.58,0.5302,-1,-1,-1
110,13,101.32,572.94,60.95,158.08,0.5837,-1,-1,-1
110,25,36.63,567.65,59.42,162.49,0.5921,-1,-1,-1
110,24,255.77,553.87,57.55,148.94,0.5140,-1,-1,-1
111,2,1732.71,629.90,90.04,227.49,0.8115,-1,-1,-1
111,30,320.50,572.51,39.57,133.94,0.5317,-1,-1,-1
111,13,91.94,568.53,62.86,164.39,0.5886,-1,-1,-1
111,25,25.56,563.86,62.01,166.69,0.6223,-1,-1,-1
112,2,1734.68,632.25,90.34,228.18,0.8080,-1,-1,-1
112,30,308.87,571.36,40.65,137.64,0.5582,-1,-1,-1
112,13,83.80,572.55,61.51,161.21,0.5701,-1,-1,-1
112,25,16.35,566.40,63.23,165.54,0.5341,-1,-1,-1
112,24,240.13,567.37,53.65,137.99,0.5937,-1,-1,-1
113,2,1735.61,634.43,91.01,229.97,0.8039,-1,-1,-1
113,30,298.47,572.68,40.85,138.89,0.6007,-1,-1,-1
113,13,74.03,576.61,60.52,159.95,0.5790,-1,-1,-1
113,25,5.07,560.75,66.32,172.52,0.5961,-1,-1,-1
113,24,232.44,575.71,51.97,133.13,0.6197,-1,-1,-1
113,31,161.03,595.38,41.07,103.37,0.5199,-1,-1,-1
114,2,1737.24,635.57,91.24,230.96,0.7984,-1,-1,-1
114,13,61.88,568.03,63.34,168.77,0.6499,-1,-1,-1
114,25,1.64,571.52,62.42,163.67,0.5476,-1,-1,-1
114,24,221.39,581.39,50.72,128.34,0.5789,-1,-1,-1
114,31,149.63,597.80,40.27,102.47,0.6192,-1,-1,-1
115,2,1739.24,636.54,91.56,231.78,0.7915,-1,-1,-1
115,13,51.07,566.11,64.23,172.60,0.6516,-1,-1,-1
115,24,205.23,571.87,55.45,138.25,0.5423,-1,-1,-1
115,31,139.87,597.28,40.91,104.80,0.6164,-1,-1,-1
115,34,334.96,564.14,37.71,111.84,0.6417,-1,-1,-1
115,30,278.89,580.99,39.29,134.11,0.5716,-1,-1,-1
116,2,1740.70,636.72,92.65,234.94,0.7989,-1,-1,-1
116,13,42.12,571.30,62.65,169.85,0.6052,-1,-1,-1
116,24,197.64,575.42,56.00,139.70,0.5416,-1,-1,-1
116,31,128.80,599.15,39.93,103.32,0.5737,-1,-1,-1
116,34,326.90,566.89,37.36,110.67,0.6120,-1,-1,-1
116,25,-6.30,582.34,59.00,157.25,0.6271,-1,-1,-1
117,2,1741.54,638.79,93.99,238.26,0.8085,-1,-1,-1
117,13,31.47,573.79,62.45,170.06,0.5951,-1,-1,-1
117,31,118.56,600.23,39.01,101.10,0.5760,-1,-1,-1
117,34,317.02,566.82,38.14,112.75,0.5427,-1,-1,-1
117,25,-9.32,584.26,57.04,156.94,0.6280,-1,-1,-1
117,30,256.25,563.83,44.81,154.89,0.6098,-1,-1,-1
118,2,1742.81,638.06,96.18,244.00,0.8036,-1,-1,-1
118,13,21.40,577.21,62.05,169.36,0.5140,-1,-1,-1
118,31,108.75,600.84,40.09,104.57,0.5085,-1,-1,-1
118,34,308.61,560.95,40.26,119.43,0.6467,-1,-1,-1
118,30,246.81,570.32,43.68,152.58,0.6612,-1,-1,-1
118,24,180.15,584.22,54.26,136.00,0.5471,-1,-1,-1
119,2,1746.44,640.12,97.30,245.98,0.8215,-1,-1,-1
119,13,9.96,572.54,64.56,177.36,0.5951,-1,-1,-1
119,34,300.06,562.81,40.12,119.00,0.5508,-1,-1,-1
119,30,237.16,564.97,45.35,160.07,0.6096,-1,-1,-1
120,2,1750.72,644.17,97.91,245.55,0.8126,-1,-1,-1
120,13,0.84,565.22,66.99,187.81,0.5784,-1,-1,-1
120,34,290.59,561.03,41.62,123.80,0.5785,-1,-1,-1
120,30,226.10,571.06,44.60,157.54,0.6484,-1,-1,-1
120,24,157.70,584.68,55.99,141.48,0.6007,-1,-1,-1
121,2,1753.94,645.50,99.48,248.34,0.8092,-1,-1,-1
121,13,-7.35,556.00,68.70,197.22,0.5797,-1,-1,-1
121,34,284.74,563.17,40.27,120.41,0.6308,-1,-1,-1
121,30,216.38,570.43,45.39,161.06,0.5591,-1,-1,-1
121,24,146.98,587.25,55.55,139.62,0.5885,-1,-1,-1
121,31,75.67,602.64,42.12,111.45,0.5915,-1,-1,-1
122,2,1755.88,646.78,100.72,251.77,0.8083,-1,-1,-1
122,13,-12.49,555.77,67.23,199.74,0.6185,-1,-1,-1
122,34,275.81,563.94,40.48,120.83,0.6008,-1,-1,-1
122,30,206.22,573.43,45.44,159.92,0.6580,-1,-1,-1
122,24,138.36,592.99,55.42,140.38,0.5101,-1,-1,-1
123,2,1758.74,649.82,101.30,254.51,0.8086,-1,-1,-1
123,13,-13.50,568.12,60.98,187.64,0.5678,-1,-1,-1
123,34,265.92,559.28,43.18,129.21,0.6607,-1,-1,-1
123,30,196.61,580.78,44.72,154.99,0.5960,-1,-1,-1
124,2,1762.07,649.34,102.68,259.41,0.8160,-1,-1,-1
124,34,259.91,567.07,41.04,123.29,0.5866,-1,-1,-1
124,30,187.13,587.56,43.77,150.13,0.6279,-1,-1,-1
125,2,1767.97,648.66,103.72,262.07,0.8160,-1,-1,-1
125,34,251.27,570.03,40.43,121.42,0.5345,-1,-1,-1
125,30,177.25,590.30,44.33,149.25,0.6423,-1,-1,-1
126,2,1772.65,650.50,104.13,262.99,0.8114,-1,-1,-1
126,34,242.35,567.39,41.86,126.43,0.5828,-1,-1,-1
126,30,166.00,595.60,44.67,146.77,0.5843,-1,-1,-1
127,2,1777.03,651.09,105.32,266.11,0.8200,-1,-1,-1
127,34,234.89,569.47,41.58,126.35,0.5794,-1,-1,-1
127,30,156.57,600.51,44.78,145.14,0.5949,-1,-1,-1
128,2,1780.97,653.34,106.00,267.52,0.8193,-1,-1,-1
128,34,224.12,563.08,43.63,133.51,0.6125,-1,-1,-1
128,30,146.06,602.98,45.58,144.54,0.5498,-1,-1,-1
129,2,1787.11,655.77,107.31,269.42,0.8236,-1,-1,-1
129,34,216.66,566.12,43.25,133.41,0.5914,-1,-1,-1
129,30,133.08,600.56,47.74,150.78,0.5154,-1,-1,-1
130,2,1790.82,657.68,109.10,271.91,0.8219,-1,-1,-1
130,34,208.42,565.48,43.71,135.56,0.5546,-1,-1,-1
131,2,1794.41,659.12,111.71,276.68,0.8319,-1,-1,-1
132,2,1798.57,661.03,114.96,283.55,0.8652,-1,-1,-1
132,34,191.05,567.71,43.50,135.58,0.6432,-1,-1,-1
133,2,1802.31,662.83,117.00,289.24,0.8824,-1,-1,-1
133,34,182.24,566.14,43.87,136.40,0.5320,-1,-1,-1
133,30,78.99,594.38,52.88,168.50,0.5457,-1,-1,-1
134,2,1804.88,665.10,118.40,294.69,0.8508,-1,-1,-1
134,34,172.69,566.80,44.02,137.97,0.5591,-1,-1,-1
135,2,1806.46,666.29,119.72,301.24,0.8147,-1,-1,-1
135,34,164.70,570.03,43.54,137.63,0.5435,-1,-1,-1
135,24,-4.72,615.72,57.27,151.45,0.5673,-1,-1,-1
135,30,40.46,577.12,62.77,194.67,0.5413,-1,-1,-1
136,2,1809.51,669.91,119.32,305.11,0.8375,-1,-1,-1
136,37,509.35,527.25,29.41,73.78,0.5365,-1,-1,-1
136,24,-9.91,620.98,52.57,147.81,0.6005,-1,-1,-1
136,30,28.41,575.60,65.19,198.70,0.5249,-1,-1,-1
137,2,1813.39,677.36,117.78,307.20,0.7742,-1,-1,-1
137,37,504.32,527.34,30.05,75.42,0.5479,-1,-1,-1
137,30,18.58,574.32,66.53,203.02,0.6259,-1,-1,-1
138,2,1817.35,679.22,116.22,310.70,0.7835,-1,-1,-1
138,37,500.83,530.45,29.12,72.95,0.5814,-1,-1,-1
138,30,8.39,573.27,66.42,204.86,0.6375,-1,-1,-1
139,2,1819.71,679.89,114.95,315.31,0.7701,-1,-1,-1
139,30,-0.14,576.85,64.53,201.93,0.6160,-1,-1,-1
139,40,1565.72,554.19,46.03,109.11,0.5947,-1,-1,-1
140,2,1824.82,682.52,110.73,312.65,0.7505,-1,-1,-1
140,30,-9.57,575.88,64.99,209.86,0.6252,-1,-1,-1
140,40,1562.52,550.97,46.70,111.15,0.6625,-1,-1,-1
140,41,1696.39,552.78,51.18,115.36,0.5277,-1,-1,-1
141,2,1830.06,680.41,106.92,312.18,0.6799,-1,-1,-1
141,30,-14.61,579.47,61.65,207.94,0.5907,-1,-1,-1
141,40,1559.63,550.18,46.54,111.30,0.7275,-1,-1,-1
141,37,484.59,528.43,29.33,73.80,0.5268,-1,-1,-1
142,2,1837.24,693.51,99.39,300.22,0.6423,-1,-1,-1
142,40,1557.95,551.77,45.06,108.07,0.6806,-1,-1,-1
143,2,1842.70,702.82,94.66,297.12,0.5927,-1,-1,-1
143,40,1554.71,553.32,45.18,108.89,0.5899,-1,-1,-1
143,37,477.45,527.62,29.32,73.24,0.5369,-1,-1,-1
144,40,1551.10,555.64,44.83,109.07,0.7093,-1,-1,-1
144,37,473.01,527.46,29.67,74.67,0.5946,-1,-1,-1
145,40,1546.44,557.09,43.95,107.91,0.6957,-1,-1,-1
145,37,467.91,527.17,29.35,74.00,0.5255,-1,-1,-1
145,41,1692.23,569.86,47.33,107.26,0.6018,-1,-1,-1
146,40,1542.40,556.16,44.48,110.14,0.6497,-1,-1,-1
146,37,462.71,526.23,29.41,74.54,0.5848,-1,-1,-1
146,41,1692.23,573.85,44.83,101.80,0.6214,-1,-1,-1
147,40,1538.61,557.09,43.92,109.53,0.6766,-1,-1,-1
147,37,457.18,526.48,29.82,75.60,0.5244,-1,-1,-1
147,41,1689.84,574.55,44.99,102.88,0.5343,-1,-1,-1
148,40,1532.21,555.36,45.26,112.55,0.6901,-1,-1,-1
148,37,453.01,528.57,29.39,74.20,0.5903,-1,-1,-1
149,40,1524.38,554.74,46.52,113.55,0.6863,-1,-1,-1
149,37,448.13,528.89,29.54,74.85,0.5575,-1,-1,-1
149,41,1680.99,571.88,45.61,104.87,0.6105,-1,-1,-1
150,40,1518.95,558.40,46.27,109.61,0.7187,-1,-1,-1
150,37,442.73,528.65,30.12,76.37,0.5841,-1,-1,-1
150,41,1677.88,567.79,46.24,107.18,0.6682,-1,-1,-1
