1,1,371.74,408.30,79.69,239.71,0.7909,-1,-1,-1
1,2,104.37,546.39,73.25,245.35,0.7260,-1,-1,-1
1,3,1095.29,980.85,73.73,99.15,0.6920,-1,-1,-1
1,4,1732.44,452.89,73.78,221.06,0.6220,-1,-1,-1
1,5,1355.87,569.75,82.08,221.03,0.5500,-1,-1,-1
1,6,0.22,880.53,41.50,199.47,0.5315,-1,-1,-1
1,7,1103.64,210.05,56.21,179.71,0.5269,-1,-1,-1
1,8,546.15,146.37,57.89,183.43,0.5198,-1,-1,-1
1,9,225.79,399.57,64.29,198.91,0.5118,-1,-1,-1
2,1,372.39,408.15,79.73,239.81,0.7973,-1,-1,-1
2,2,104.13,546.53,73.32,245.60,0.7255,-1,-1,-1
2,3,1099.40,981.16,73.46,98.84,0.6895,-1,-1,-1
2,4,1732.18,454.79,72.19,216.11,0.6073,-1,-1,-1
2,5,1356.33,570.09,80.91,217.82,0.5680,-1,-1,-1
2,6,-0.67,878.31,41.82,201.22,0.3839,-1,-1,-1
2,7,1099.93,211.60,55.88,178.50,0.4729,-1,-1,-1
2,8,545.44,146.79,58.05,183.99,0.5070,-1,-1,-1
2,9,225.58,398.31,64.43,199.29,0.4910,-1,-1,-1
3,1,372.74,407.86,80.11,241.07,0.7819,-1,-1,-1
3,2,104.43,546.18,73.61,246.61,0.7315,-1,-1,-1
3,3,1103.64,980.94,73.58,99.06,0.6963,-1,-1,-1
3,4,1731.40,453.32,73.20,219.11,0.6000,-1,-1,-1
3,5,1356.70,570.04,80.56,216.83,0.5666,-1,-1,-1
3,6,-0.84,877.57,41.83,201.54,0.3544,-1,-1,-1
3,7,1096.08,213.37,55.74,177.42,0.5645,-1,-1,-1
3,8,545.06,147.39,57.97,183.68,0.4875,-1,-1,-1
3,9,224.47,396.91,65.26,201.66,0.4723,-1,-1,-1
4,1,372.68,407.36,80.13,241.15,0.7959,-1,-1,-1
4,2,104.00,545.82,73.75,247.16,0.7230,-1,-1,-1
4,3,1106.71,979.25,74.72,100.75,0.6950,-1,-1,-1
4,4,1730.38,452.71,72.67,217.34,0.6199,-1,-1,-1
4,5,1357.10,570.20,80.71,217.03,0.5754,-1,-1,-1
4,6,0.52,876.33,42.19,203.02,0.5373,-1,-1,-1
4,7,1091.38,211.66,56.70,179.61,0.5528,-1,-1,-1
4,8,545.31,145.75,57.90,183.72,0.4674,-1,-1,-1
4,9,223.69,396.71,65.67,202.41,0.4799,-1,-1,-1
5,1,373.77,406.86,80.12,241.28,0.7978,-1,-1,-1
5,2,103.66,545.84,73.69,247.13,0.7243,-1,-1,-1
5,3,1110.10,976.61,76.46,103.39,0.6964,-1,-1,-1
5,4,1729.30,452.22,73.02,218.24,0.6542,-1,-1,-1
5,5,1357.21,570.13,79.88,214.46,0.6076,-1,-1,-1
5,6,1.40,874.50,42.64,204.62,0.5592,-1,-1,-1
5,7,1084.41,210.75,57.50,178.90,0.5394,-1,-1,-1
5,8,544.81,145.14,58.50,185.98,0.5050,-1,-1,-1
5,9,224.02,396.75,65.53,200.97,0.3747,-1,-1,-1
6,1,374.67,406.10,79.80,240.36,0.7852,-1,-1,-1
6,2,103.83,546.01,73.56,246.87,0.7309,-1,-1,-1
6,3,1112.58,975.72,76.90,104.28,0.6912,-1,-1,-1
6,4,1728.30,454.13,72.56,216.39,0.6514,-1,-1,-1
6,5,1357.69,570.14,79.59,213.41,0.6186,-1,-1,-1
6,6,1.74,872.27,43.29,207.03,0.6048,-1,-1,-1
6,7,1078.21,209.43,59.33,179.53,0.5797,-1,-1,-1
6,8,544.01,147.13,58.43,186.27,0.5159,-1,-1,-1
6,9,223.25,393.53,66.74,203.28,0.3017,-1,-1,-1
7,1,375.84,404.97,79.76,240.11,0.7800,-1,-1,-1
7,2,103.81,545.98,73.33,246.20,0.7311,-1,-1,-1
7,3,1113.84,974.15,77.63,105.85,0.7056,-1,-1,-1
7,4,1727.88,454.34,71.76,213.41,0.6315,-1,-1,-1
7,5,1357.70,570.31,79.50,212.73,0.6334,-1,-1,-1
7,6,2.02,870.95,43.79,208.44,0.5963,-1,-1,-1
7,7,1072.69,208.32,62.04,180.84,0.5515,-1,-1,-1
7,8,542.60,148.29,58.37,186.92,0.5409,-1,-1,-1
7,9,219.26,395.90,65.78,200.41,0.2902,-1,-1,-1
7,11,788.55,145.40,65.04,177.99,0.5154,-1,-1,-1
8,1,376.87,402.77,79.51,239.21,0.7696,-1,-1,-1
8,2,104.36,546.08,73.40,246.54,0.7358,-1,-1,-1
8,3,1115.71,973.28,77.76,106.72,0.7071,-1,-1,-1
8,4,1726.84,454.70,70.90,209.76,0.6454,-1,-1,-1
8,5,1357.38,570.05,80.02,213.92,0.6125,-1,-1,-1
8,6,1.86,871.06,43.83,207.75,0.5826,-1,-1,-1
8,7,1070.50,210.55,63.78,178.36,0.5409,-1,-1,-1
8,8,541.99,147.22,58.47,188.47,0.5501,-1,-1,-1
8,9,215.03,389.32,66.90,204.31,0.1965,-1,-1,-1
8,11,788.51,145.89,64.70,177.00,0.5034,-1,-1,-1
9,1,377.90,401.80,79.19,237.70,0.7678,-1,-1,-1
9,2,104.64,546.07,73.48,246.78,0.7443,-1,-1,-1
9,3,1119.45,973.24,77.10,106.76,0.6692,-1,-1,-1
9,4,1725.79,454.50,71.22,209.86,0.6349,-1,-1,-1
9,5,1357.29,570.35,80.10,213.96,0.6143,-1,-1,-1
9,6,1.60,869.73,44.31,209.24,0.5596,-1,-1,-1
9,7,1068.14,210.65,65.94,176.10,0.5086,-1,-1,-1
9,8,541.54,147.69,58.29,189.48,0.4971,-1,-1,-1
9,11,788.52,145.81,64.30,175.81,0.4782,-1,-1,-1
10,1,378.59,400.48,78.97,236.45,0.7579,-1,-1,-1
10,2,104.97,545.92,73.51,246.72,0.7400,-1,-1,-1
10,3,1122.96,973.00,76.54,107.00,0.6880,-1,-1,-1
10,4,1725.50,454.67,71.37,209.62,0.6104,-1,-1,-1
10,5,1357.01,569.69,80.76,215.43,0.6147,-1,-1,-1
10,6,1.28,865.75,45.20,212.90,0.5661,-1,-1,-1
10,7,1065.26,211.34,68.17,173.64,0.4661,-1,-1,-1
10,8,540.50,148.49,58.39,191.47,0.4782,-1,-1,-1
10,11,788.33,145.83,64.66,176.77,0.4860,-1,-1,-1
11,1,379.67,398.44,78.52,234.48,0.7550,-1,-1,-1
11,2,104.87,546.10,73.57,246.77,0.7417,-1,-1,-1
11,3,1126.36,973.40,75.64,106.60,0.6688,-1,-1,-1
11,4,1725.67,458.08,70.69,206.49,0.6067,-1,-1,-1
11,5,1357.01,569.70,80.99,215.75,0.6406,-1,-1,-1
11,6,0.71,862.75,45.80,215.68,0.5584,-1,-1,-1
11,7,1060.70,210.19,70.92,174.03,0.4522,-1,-1,-1
11,8,539.46,148.70,58.31,192.77,0.4813,-1,-1,-1
11,11,788.33,145.73,64.83,177.15,0.4864,-1,-1,-1
12,1,379.90,396.87,78.58,233.88,0.7530,-1,-1,-1
12,2,104.89,546.12,73.76,247.04,0.7371,-1,-1,-1
12,3,1129.82,973.21,75.11,106.79,0.6720,-1,-1,-1
12,4,1725.54,459.32,70.69,205.36,0.6362,-1,-1,-1
12,5,1356.93,569.61,80.81,215.38,0.6329,-1,-1,-1
12,6,0.55,857.21,46.81,220.52,0.5764,-1,-1,-1
12,7,1056.77,208.23,73.46,175.77,0.3598,-1,-1,-1
12,8,539.37,149.19,57.76,192.23,0.5006,-1,-1,-1
12,11,788.21,145.83,65.00,177.58,0.4828,-1,-1,-1
13,1,380.28,395.42,78.42,232.42,0.7610,-1,-1,-1
13,2,104.97,545.97,74.09,247.67,0.7420,-1,-1,-1
13,3,1132.11,972.85,74.62,107.15,0.6339,-1,-1,-1
13,4,1725.32,458.50,71.27,206.50,0.6621,-1,-1,-1
13,5,1357.06,569.97,80.37,213.94,0.6359,-1,-1,-1
13,6,-0.23,852.19,47.62,225.14,0.5896,-1,-1,-1
13,7,1049.39,202.76,76.47,182.17,0.2678,-1,-1,-1
13,8,538.72,149.56,57.61,192.26,0.5203,-1,-1,-1
13,11,788.33,146.25,64.97,177.48,0.5103,-1,-1,-1
14,1,380.74,394.61,78.33,231.36,0.7606,-1,-1,-1
14,2,104.86,545.92,74.41,248.27,0.7475,-1,-1,-1
14,3,1134.63,972.58,73.92,107.42,0.6305,-1,-1,-1
14,4,1725.08,459.44,71.64,206.35,0.6575,-1,-1,-1
14,5,1357.21,569.94,80.46,214.23,0.6135,-1,-1,-1
14,6,-0.37,849.36,48.14,228.18,0.6077,-1,-1,-1
14,7,1045.79,211.03,72.66,171.97,0.1829,-1,-1,-1
14,8,537.80,150.66,57.36,191.86,0.5044,-1,-1,-1
14,11,788.28,146.20,64.93,177.51,0.5246,-1,-1,-1
15,1,381.20,393.54,78.56,231.33,0.7611,-1,-1,-1
15,2,104.96,545.98,74.49,248.16,0.7549,-1,-1,-1
15,3,1136.93,972.92,72.68,106.71,0.5995,-1,-1,-1
15,4,1724.70,456.46,72.85,209.66,0.6507,-1,-1,-1
15,5,1357.12,570.40,80.11,213.16,0.6056,-1,-1,-1
15,6,-0.30,848.45,48.40,229.86,0.5862,-1,-1,-1
15,7,1042.82,205.95,73.08,175.13,0.2946,-1,-1,-1
15,8,536.69,151.73,57.20,191.77,0.5038,-1,-1,-1
15,11,788.41,146.79,64.51,176.12,0.5364,-1,-1,-1
16,1,381.28,392.83,78.90,231.89,0.7659,-1,-1,-1
16,2,105.02,546.21,74.35,247.35,0.7503,-1,-1,-1
16,3,1140.48,972.78,71.63,106.37,0.5672,-1,-1,-1
16,4,1724.83,455.56,73.00,210.13,0.6556,-1,-1,-1
16,5,1356.86,570.27,80.22,213.48,0.6194,-1,-1,-1
16,6,0.14,848.34,48.51,230.16,0.5054,-1,-1,-1
16,7,1036.62,201.01,73.62,180.27,0.2300,-1,-1,-1
16,8,535.06,153.34,56.63,189.48,0.5244,-1,-1,-1
16,11,788.77,146.98,64.33,175.64,0.5039,-1,-1,-1
17,1,381.51,391.68,79.63,233.65,0.7511,-1,-1,-1
17,2,105.24,546.69,74.31,246.35,0.7453,-1,-1,-1
17,3,1143.36,972.88,70.83,106.80,0.5345,-1,-1,-1
17,4,1724.61,457.62,73.00,209.13,0.6399,-1,-1,-1
17,5,1356.98,570.06,80.69,214.49,0.6041,-1,-1,-1
17,6,0.82,847.73,49.03,231.74,0.5548,-1,-1,-1
17,7,1031.83,196.19,73.94,184.93,0.1947,-1,-1,-1
17,8,534.19,155.57,56.44,188.09,0.6085,-1,-1,-1
17,11,788.88,147.13,64.07,174.84,0.4923,-1,-1,-1
18,1,381.37,390.08,80.56,236.13,0.7520,-1,-1,-1
18,2,105.23,546.60,74.40,245.99,0.7479,-1,-1,-1
18,3,1146.12,973.04,69.65,106.85,0.5305,-1,-1,-1
18,4,1724.68,457.96,73.11,208.59,0.6457,-1,-1,-1
18,5,1356.82,569.95,80.69,214.46,0.6182,-1,-1,-1
18,6,1.35,847.14,49.49,232.63,0.5066,-1,-1,-1
18,8,532.65,156.14,56.29,187.11,0.6042,-1,-1,-1
18,11,789.13,147.27,63.93,174.44,0.5330,-1,-1,-1
19,1,381.52,388.66,81.28,237.87,0.7551,-1,-1,-1
19,2,105.18,546.60,74.58,246.10,0.7459,-1,-1,-1
19,3,1148.69,972.75,68.78,107.21,0.5198,-1,-1,-1
19,4,1724.21,456.01,73.81,210.37,0.6467,-1,-1,-1
19,5,1356.75,569.97,80.74,214.77,0.6405,-1,-1,-1
19,6,1.44,845.63,50.08,234.25,0.5326,-1,-1,-1
19,8,531.48,158.64,55.72,184.27,0.5466,-1,-1,-1
19,11,789.05,147.04,63.90,174.40,0.4808,-1,-1,-1
20,1,381.31,387.22,81.91,239.52,0.7480,-1,-1,-1
20,2,105.02,546.60,74.66,245.97,0.7456,-1,-1,-1
20,3,1151.40,972.78,67.58,107.21,0.5105,-1,-1,-1
20,4,1724.68,457.92,73.31,208.11,0.6295,-1,-1,-1
20,5,1356.85,570.44,80.50,214.24,0.6494,-1,-1,-1
20,6,1.39,845.24,50.41,234.75,0.4771,-1,-1,-1
20,8,530.41,158.94,55.59,183.97,0.5439,-1,-1,-1
20,11,789.26,147.64,63.79,173.99,0.4956,-1,-1,-1
21,1,381.21,386.23,82.23,240.17,0.7588,-1,-1,-1
21,2,104.87,546.48,74.85,246.26,0.7433,-1,-1,-1
21,3,1153.44,973.21,66.41,106.79,0.5021,-1,-1,-1
21,4,1724.53,458.13,73.56,208.20,0.6341,-1,-1,-1
21,5,1356.84,570.43,80.80,215.55,0.6137,-1,-1,-1
21,6,1.41,840.56,51.31,237.93,0.5228,-1,-1,-1
21,8,529.93,159.14,55.39,183.71,0.5888,-1,-1,-1
21,11,789.11,147.69,63.93,174.19,0.4867,-1,-1,-1
22,1,381.38,385.93,82.20,239.79,0.7578,-1,-1,-1
22,2,104.83,546.75,74.83,245.71,0.7385,-1,-1,-1
22,3,1154.28,974.20,65.18,105.80,0.5591,-1,-1,-1
22,4,1724.59,458.44,73.46,207.58,0.6682,-1,-1,-1
22,5,1356.93,570.22,80.56,215.15,0.6385,-1,-1,-1
22,6,1.30,841.00,51.62,238.46,0.5434,-1,-1,-1
22,8,528.33,156.97,55.94,186.20,0.5037,-1,-1,-1
22,11,789.28,147.77,64.18,174.86,0.4618,-1,-1,-1
23,1,381.74,385.28,81.91,238.94,0.7569,-1,-1,-1
23,2,104.79,546.58,74.90,245.62,0.7394,-1,-1,-1
23,3,1156.54,973.94,64.96,106.07,0.5504,-1,-1,-1
23,4,1724.67,457.81,73.52,207.63,0.6392,-1,-1,-1
23,5,1356.89,570.03,80.59,215.18,0.6141,-1,-1,-1
23,6,1.30,841.69,51.59,237.32,0.5669,-1,-1,-1
23,8,526.47,157.52,55.70,186.72,0.4697,-1,-1,-1
23,11,789.32,148.38,63.75,174.35,0.4303,-1,-1,-1
24,1,381.77,384.86,81.62,238.08,0.7574,-1,-1,-1
24,2,104.86,546.57,75.04,245.66,0.7382,-1,-1,-1
24,3,1158.21,974.60,64.28,105.40,0.5497,-1,-1,-1
24,4,1724.03,456.09,74.31,209.98,0.6434,-1,-1,-1
24,5,1356.52,569.80,81.18,216.91,0.5891,-1,-1,-1
24,6,1.57,839.90,51.80,236.92,0.5361,-1,-1,-1
24,8,524.64,157.45,55.84,187.45,0.4250,-1,-1,-1
24,11,789.73,148.40,63.65,173.80,0.4291,-1,-1,-1
25,1,381.63,384.08,81.30,237.28,0.7571,-1,-1,-1
25,2,104.69,546.80,75.26,245.88,0.7384,-1,-1,-1
25,3,1159.39,974.74,64.00,105.26,0.5631,-1,-1,-1
25,4,1723.52,457.46,74.25,209.21,0.6544,-1,-1,-1
25,5,1356.79,570.16,80.09,214.12,0.6125,-1,-1,-1
25,6,1.59,836.37,52.43,238.58,0.5031,-1,-1,-1
25,8,524.21,158.80,55.19,185.43,0.4365,-1,-1,-1
25,11,789.61,147.79,64.06,174.76,0.4319,-1,-1,-1
26,1,381.73,382.99,81.13,237.23,0.7684,-1,-1,-1
26,2,104.30,546.36,75.73,246.92,0.7375,-1,-1,-1
26,3,1160.76,975.01,63.67,104.99,0.5967,-1,-1,-1
26,4,1722.66,454.70,75.26,212.64,0.6365,-1,-1,-1
26,5,1357.01,570.47,79.91,213.44,0.6084,-1,-1,-1
26,6,2.17,834.00,51.96,234.30,0.5684,-1,-1,-1
26,8,524.26,160.43,54.58,183.94,0.4214,-1,-1,-1
26,11,789.57,147.90,64.38,175.13,0.4471,-1,-1,-1
27,1,381.66,381.48,81.16,237.37,0.7790,-1,-1,-1
27,2,103.98,546.19,75.90,247.15,0.7377,-1,-1,-1
27,3,1162.55,975.06,63.54,104.94,0.6073,-1,-1,-1
27,4,1723.07,457.70,74.09,208.91,0.6521,-1,-1,-1
27,5,1356.71,570.17,80.23,214.30,0.5868,-1,-1,-1
27,6,2.35,830.71,52.56,235.01,0.6075,-1,-1,-1
27,8,524.31,160.90,54.55,184.83,0.3655,-1,-1,-1
27,11,789.81,147.93,64.34,174.88,0.4484,-1,-1,-1
28,1,382.07,379.67,81.42,237.85,0.7725,-1,-1,-1
28,2,103.80,546.62,75.82,246.38,0.7386,-1,-1,-1
28,3,1164.49,975.61,63.22,104.39,0.6165,-1,-1,-1
28,4,1722.74,456.21,74.59,210.66,0.6400,-1,-1,-1
28,5,1356.68,569.64,80.73,215.68,0.5881,-1,-1,-1
28,6,2.85,828.01,52.89,233.60,0.6340,-1,-1,-1
28,8,523.46,161.06,54.98,186.70,0.2950,-1,-1,-1
28,11,789.37,148.50,63.64,173.92,0.4501,-1,-1,-1
29,1,382.74,378.00,81.51,238.02,0.7810,-1,-1,-1
29,2,103.60,546.41,76.01,246.48,0.7455,-1,-1,-1
29,3,1166.19,975.82,63.31,104.18,0.6355,-1,-1,-1
29,4,1723.06,457.06,74.13,209.25,0.6502,-1,-1,-1
29,5,1356.86,569.75,80.70,215.40,0.6246,-1,-1,-1
29,6,3.46,826.14,52.86,230.10,0.6978,-1,-1,-1
29,8,521.78,161.67,55.53,188.46,0.2798,-1,-1,-1
29,11,789.27,148.61,63.32,174.16,0.4573,-1,-1,-1
30,1,383.77,376.48,81.49,237.20,0.7847,-1,-1,-1
30,2,103.76,546.96,75.94,245.69,0.7384,-1,-1,-1
30,3,1168.18,976.67,63.02,103.29,0.6211,-1,-1,-1
30,4,1723.39,457.37,74.06,208.71,0.6633,-1,-1,-1
30,5,1356.56,569.83,80.70,215.65,0.6171,-1,-1,-1
30,6,3.48,823.31,53.31,228.88,0.6767,-1,-1,-1
30,8,522.00,163.19,55.15,187.75,0.3043,-1,-1,-1
30,11,789.07,148.44,62.99,174.26,0.4582,-1,-1,-1
31,1,385.92,374.91,81.19,234.36,0.7516,-1,-1,-1
31,2,103.49,546.89,76.14,246.15,0.7404,-1,-1,-1
31,3,1169.83,977.20,63.04,102.79,0.6157,-1,-1,-1
31,4,1722.72,455.84,74.73,211.12,0.6545,-1,-1,-1
31,5,1356.72,569.76,80.28,214.43,0.5914,-1,-1,-1
31,6,2.65,818.53,55.22,235.49,0.6491,-1,-1,-1
31,8,511.25,159.17,59.76,194.45,0.2942,-1,-1,-1
31,11,789.04,148.24,63.00,175.13,0.4282,-1,-1,-1
32,1,387.74,373.34,81.69,232.85,0.7457,-1,-1,-1
32,2,103.26,546.76,76.22,246.38,0.7472,-1,-1,-1
32,3,1171.20,977.97,62.98,102.03,0.6746,-1,-1,-1
32,4,1723.01,456.89,74.39,209.80,0.6534,-1,-1,-1
32,5,1356.51,569.77,80.22,214.34,0.6039,-1,-1,-1
32,6,2.03,815.51,56.80,241.15,0.6162,-1,-1,-1
32,8,506.11,159.65,62.32,195.76,0.2685,-1,-1,-1
32,11,789.65,148.68,62.55,174.90,0.4570,-1,-1,-1
33,1,388.88,371.22,82.71,232.68,0.7501,-1,-1,-1
33,2,103.41,546.76,76.44,246.52,0.7486,-1,-1,-1
33,3,1172.94,978.88,62.87,101.12,0.6781,-1,-1,-1
33,4,1722.71,457.20,74.56,210.14,0.6571,-1,-1,-1
33,5,1356.19,569.49,81.05,216.60,0.6021,-1,-1,-1
33,6,1.64,813.35,58.29,246.60,0.6217,-1,-1,-1
33,8,502.81,159.59,64.63,196.56,0.3918,-1,-1,-1
33,11,789.63,149.00,62.10,174.34,0.4375,-1,-1,-1
34,1,389.44,370.26,83.35,231.80,0.7515,-1,-1,-1
34,2,103.32,546.82,76.57,246.54,0.7391,-1,-1,-1
34,3,1175.64,980.58,62.29,99.42,0.6763,-1,-1,-1
34,4,1722.81,457.95,74.06,208.63,0.6499,-1,-1,-1
34,5,1356.60,569.34,81.07,216.67,0.5996,-1,-1,-1
34,6,1.55,811.36,59.05,248.86,0.6135,-1,-1,-1
34,8,500.68,160.34,66.09,195.85,0.3893,-1,-1,-1
34,11,789.27,148.76,62.02,174.96,0.4324,-1,-1,-1
35,1,389.32,369.31,84.47,232.43,0.7410,-1,-1,-1
35,2,103.27,546.86,76.85,246.92,0.7346,-1,-1,-1
35,3,1178.58,982.06,61.66,97.94,0.6624,-1,-1,-1
35,4,1722.53,457.67,74.03,208.60,0.6606,-1,-1,-1
35,5,1356.41,569.38,80.93,216.00,0.6011,-1,-1,-1
35,6,1.78,810.32,60.18,252.36,0.5751,-1,-1,-1
35,8,499.70,160.72,67.27,195.33,0.3989,-1,-1,-1
35,11,789.60,148.64,61.77,175.09,0.4427,-1,-1,-1
36,1,388.97,368.70,85.29,232.81,0.7009,-1,-1,-1
36,2,103.19,547.05,76.80,246.55,0.7385,-1,-1,-1
36,3,1181.31,983.80,60.96,96.20,0.6412,-1,-1,-1
36,4,1722.89,458.46,73.85,207.96,0.6161,-1,-1,-1
36,5,1356.39,569.40,81.23,216.54,0.5767,-1,-1,-1
36,6,2.11,809.55,60.10,250.42,0.5426,-1,-1,-1
36,8,498.84,160.88,67.96,194.49,0.4165,-1,-1,-1
36,11,789.83,149.03,61.27,174.30,0.4402,-1,-1,-1
37,1,388.24,367.72,85.86,233.55,0.6902,-1,-1,-1
37,2,103.10,547.21,76.61,245.90,0.7344,-1,-1,-1
37,3,1184.09,984.51,60.91,95.49,0.6850,-1,-1,-1
37,4,1722.87,457.78,74.16,208.95,0.6401,-1,-1,-1
37,5,1356.26,569.16,81.90,218.37,0.5677,-1,-1,-1
37,6,2.80,808.56,60.45,249.52,0.6285,-1,-1,-1
37,8,498.10,161.95,68.40,193.46,0.4226,-1,-1,-1
37,11,789.66,148.86,61.28,174.74,0.4360,-1,-1,-1
37,12,1021.55,157.86,62.29,183.31,0.5344,-1,-1,-1
38,1,387.54,366.61,86.17,234.73,0.6937,-1,-1,-1
38,2,102.86,547.01,76.50,245.55,0.7328,-1,-1,-1
38,3,1186.59,984.58,61.43,95.42,0.6922,-1,-1,-1
38,4,1722.98,458.25,73.86,207.84,0.6428,-1,-1,-1
38,5,1356.44,569.33,80.93,215.36,0.6049,-1,-1,-1
38,6,3.28,808.08,60.51,247.14,0.6404,-1,-1,-1
38,8,497.23,162.59,68.97,193.00,0.4184,-1,-1,-1
38,11,789.87,149.06,61.15,175.05,0.4243,-1,-1,-1
38,12,1022.36,158.45,62.51,184.08,0.5451,-1,-1,-1
38,13,384.40,993.03,93.25,86.97,0.5469,-1,-1,-1
39,1,386.95,365.39,86.50,236.32,0.6891,-1,-1,-1
39,2,102.87,547.19,76.47,245.05,0.7308,-1,-1,-1
39,3,1189.48,984.09,62.37,95.91,0.6789,-1,-1,-1
39,4,1722.35,457.27,74.24,209.22,0.6227,-1,-1,-1
39,5,1356.64,568.34,81.45,216.96,0.5814,-1,-1,-1
39,6,3.28,807.11,60.70,245.56,0.6523,-1,-1,-1
39,8,496.78,163.24,69.21,192.01,0.4237,-1,-1,-1
39,11,789.88,148.90,60.95,175.12,0.4153,-1,-1,-1
39,12,1022.23,158.82,62.20,183.18,0.5211,-1,-1,-1
39,13,383.78,991.89,94.43,88.11,0.5276,-1,-1,-1
39,7,930.57,200.81,73.27,172.78,0.5013,-1,-1,-1
40,1,387.85,366.09,86.26,235.49,0.6972,-1,-1,-1
40,2,102.72,547.08,76.52,244.89,0.7335,-1,-1,-1
40,3,1193.08,983.98,63.07,96.02,0.6545,-1,-1,-1
40,4,1722.16,456.55,74.55,210.47,0.6273,-1,-1,-1
40,5,1357.38,569.22,80.28,213.75,0.6151,-1,-1,-1
40,6,3.33,806.15,60.70,243.29,0.6072,-1,-1,-1
40,8,495.80,166.25,69.47,191.71,0.4405,-1,-1,-1
40,11,789.77,148.97,60.90,175.84,0.4046,-1,-1,-1
40,12,1022.12,159.10,62.01,182.56,0.5093,-1,-1,-1
40,13,383.37,990.20,96.13,89.80,0.5279,-1,-1,-1
40,7,923.62,198.23,78.59,175.32,0.5105,-1,-1,-1
41,1,388.83,365.81,86.14,235.43,0.6909,-1,-1,-1
41,2,102.69,546.81,76.78,245.44,0.7313,-1,-1,-1
41,3,1195.49,984.81,63.01,95.19,0.6802,-1,-1,-1
41,4,1722.08,456.05,74.63,210.93,0.6395,-1,-1,-1
41,5,1357.00,568.82,80.79,215.12,0.6073,-1,-1,-1
41,6,3.21,805.11,61.24,243.18,0.6001,-1,-1,-1
41,8,497.15,166.12,69.84,191.14,0.3632,-1,-1,-1
41,11,789.88,149.14,60.39,175.28,0.4079,-1,-1,-1
41,12,1022.05,159.18,61.62,181.22,0.4771,-1,-1,-1
41,13,383.33,989.24,97.03,90.76,0.4924,-1,-1,-1
41,7,920.01,201.68,81.02,171.51,0.5440,-1,-1,-1
42,1,389.68,364.67,86.05,235.50,0.7104,-1,-1,-1
42,2,102.81,546.74,76.98,245.63,0.7402,-1,-1,-1
42,3,1198.21,984.96,63.49,95.04,0.6923,-1,-1,-1
42,4,1721.73,455.26,74.71,211.37,0.6461,-1,-1,-1
42,5,1356.92,569.20,80.55,214.52,0.6145,-1,-1,-1
42,6,2.93,802.92,61.75,243.11,0.6312,-1,-1,-1
42,8,497.09,167.08,70.55,191.80,0.3718,-1,-1,-1
42,11,789.62,148.89,60.53,176.69,0.4202,-1,-1,-1
42,12,1021.68,159.45,61.85,181.78,0.4734,-1,-1,-1
42,13,382.53,987.88,98.29,92.12,0.5331,-1,-1,-1
42,7,916.22,200.70,84.78,172.71,0.5451,-1,-1,-1
43,1,390.87,364.67,85.47,233.95,0.7374,-1,-1,-1
43,2,102.53,546.80,77.17,245.80,0.7338,-1,-1,-1
43,3,1201.36,985.18,64.04,94.82,0.6623,-1,-1,-1
43,4,1721.69,454.79,74.80,212.01,0.6162,-1,-1,-1
43,5,1356.82,569.14,80.53,214.47,0.6090,-1,-1,-1
43,6,3.49,799.07,60.63,235.66,0.6608,-1,-1,-1
43,8,496.19,167.86,71.87,194.04,0.3847,-1,-1,-1
43,11,789.72,149.22,60.25,176.26,0.4042,-1,-1,-1
43,12,1021.42,159.75,62.23,182.94,0.4672,-1,-1,-1
43,13,381.88,987.49,98.55,92.51,0.5403,-1,-1,-1
43,7,911.71,197.47,88.70,175.56,0.4978,-1,-1,-1
44,1,391.91,364.44,84.98,232.23,0.7343,-1,-1,-1
44,2,102.39,547.07,77.15,245.49,0.7334,-1,-1,-1
44,3,1202.92,985.45,64.60,94.54,0.6688,-1,-1,-1
44,4,1721.62,456.69,74.26,210.07,0.6474,-1,-1,-1
44,5,1356.73,568.97,81.11,216.07,0.6236,-1,-1,-1
44,6,3.79,795.49,60.26,231.09,0.6726,-1,-1,-1
44,8,495.72,168.92,72.70,195.33,0.3771,-1,-1,-1
44,11,789.92,149.16,60.03,176.20,0.4005,-1,-1,-1
44,12,1021.05,160.14,62.52,184.08,0.4379,-1,-1,-1
44,13,380.66,985.65,100.22,94.35,0.5968,-1,-1,-1
44,7,907.04,194.44,91.60,178.77,0.3167,-1,-1,-1
45,1,392.95,362.40,84.97,232.20,0.7371,-1,-1,-1
45,2,102.01,546.85,77.23,245.70,0.7425,-1,-1,-1
45,3,1204.33,985.77,65.16,94.23,0.6709,-1,-1,-1
45,4,1721.88,458.11,73.76,208.39,0.6321,-1,-1,-1
45,5,1356.43,568.85,81.15,216.24,0.6345,-1,-1,-1
45,6,3.78,792.86,60.55,229.37,0.6685,-1,-1,-1
45,8,495.99,171.90,72.48,194.24,0.3115,-1,-1,-1
45,11,789.99,149.18,59.81,175.82,0.4243,-1,-1,-1
45,12,1021.07,161.41,62.34,182.79,0.3991,-1,-1,-1
45,13,379.15,984.76,100.83,95.24,0.5952,-1,-1,-1
45,7,902.04,188.03,95.26,185.78,0.2922,-1,-1,-1
46,1,394.03,360.92,84.64,231.89,0.7422,-1,-1,-1
46,2,101.90,546.51,77.40,246.09,0.7447,-1,-1,-1
46,3,1204.66,986.20,65.52,93.80,0.6854,-1,-1,-1
46,4,1721.67,458.92,73.47,207.06,0.6155,-1,-1,-1
46,5,1356.53,569.21,81.44,216.75,0.6039,-1,-1,-1
46,6,3.86,790.55,61.23,229.24,0.6718,-1,-1,-1
46,8,494.84,173.68,72.94,193.88,0.3314,-1,-1,-1
46,11,790.07,149.29,59.49,175.27,0.3893,-1,-1,-1
46,12,1020.78,161.93,62.45,182.36,0.4088,-1,-1,-1
46,13,376.03,979.89,105.25,100.11,0.6033,-1,-1,-1
46,7,897.01,181.30,97.09,192.19,0.2937,-1,-1,-1
47,1,394.88,358.87,84.56,231.99,0.7461,-1,-1,-1
47,2,101.73,546.36,77.49,246.20,0.7292,-1,-1,-1
47,3,1205.45,986.33,66.15,93.67,0.6670,-1,-1,-1
47,4,1721.68,458.96,73.80,207.74,0.6306,-1,-1,-1
47,5,1356.69,569.44,81.22,216.06,0.5933,-1,-1,-1
47,6,3.83,788.98,62.37,231.05,0.6183,-1,-1,-1
47,8,500.02,179.05,69.33,187.69,0.3161,-1,-1,-1
47,11,790.26,149.38,59.47,174.92,0.4296,-1,-1,-1
47,12,1019.75,162.68,62.86,183.40,0.3951,-1,-1,-1
47,13,373.42,974.12,110.17,105.88,0.5909,-1,-1,-1
47,7,892.86,174.35,97.61,198.97,0.3144,-1,-1,-1
48,1,396.07,357.22,83.95,230.35,0.7647,-1,-1,-1
48,2,101.68,546.15,77.67,246.74,0.7353,-1,-1,-1
48,3,1207.31,985.18,67.81,94.78,0.6326,-1,-1,-1
48,4,1721.87,459.49,73.45,206.47,0.6357,-1,-1,-1
48,5,1356.95,569.15,81.60,216.74,0.6132,-1,-1,-1
48,6,4.05,788.20,63.64,233.31,0.5857,-1,-1,-1
48,8,501.90,182.58,66.88,183.79,0.3326,-1,-1,-1
48,11,790.49,149.46,59.67,175.48,0.4552,-1,-1,-1
48,12,1019.10,163.14,62.77,183.03,0.3309,-1,-1,-1
48,13,370.42,967.31,115.72,112.69,0.6089,-1,-1,-1
48,7,889.96,173.98,94.04,197.70,0.2555,-1,-1,-1
49,1,397.02,356.32,83.15,227.62,0.7608,-1,-1,-1
49,2,101.60,546.08,77.73,246.92,0.7393,-1,-1,-1
49,3,1207.91,984.06,69.44,95.93,0.6518,-1,-1,-1
49,4,1721.48,459.02,73.76,207.08,0.6575,-1,-1,-1
49,5,1356.78,569.39,82.01,217.70,0.6018,-1,-1,-1
49,6,3.45,785.43,66.67,242.67,0.6188,-1,-1,-1
49,8,497.25,180.81,69.00,187.72,0.3703,-1,-1,-1
49,11,790.58,149.26,59.87,175.93,0.4317,-1,-1,-1
49,12,1018.00,164.43,62.96,182.95,0.3711,-1,-1,-1
49,13,369.45,964.09,117.47,115.91,0.5888,-1,-1,-1
49,7,886.55,176.49,89.11,194.81,0.2450,-1,-1,-1
50,1,397.44,355.07,82.98,226.30,0.7546,-1,-1,-1
50,2,101.68,546.09,77.68,246.66,0.7482,-1,-1,-1
50,3,1208.02,983.18,70.84,96.81,0.6281,-1,-1,-1
50,4,1721.38,459.15,73.70,206.73,0.6391,-1,-1,-1
50,5,1357.12,569.74,81.44,216.14,0.6122,-1,-1,-1
50,6,3.57,784.57,68.44,247.18,0.6055,-1,-1,-1
50,8,495.48,179.96,70.66,190.57,0.3775,-1,-1,-1
50,11,790.28,149.06,60.12,176.84,0.4070,-1,-1,-1
50,12,1017.60,164.94,61.35,178.03,0.3841,-1,-1,-1
50,13,370.29,961.43,117.57,117.76,0.5867,-1,-1,-1
51,1,398.06,354.23,82.57,223.93,0.7538,-1,-1,-1
51,2,101.67,545.67,77.81,247.17,0.7505,-1,-1,-1
51,3,1208.16,982.06,72.32,97.94,0.6111,-1,-1,-1
51,4,1721.27,459.93,73.43,205.54,0.6227,-1,-1,-1
51,5,1357.24,569.41,81.12,215.17,0.6198,-1,-1,-1
51,6,3.64,783.11,69.04,247.49,0.6422,-1,-1,-1
51,8,495.36,180.41,71.40,191.28,0.3679,-1,-1,-1
51,11,790.24,148.76,60.29,177.55,0.4134,-1,-1,-1
51,12,1017.44,166.46,60.49,175.10,0.4440,-1,-1,-1
51,13,369.60,957.36,119.97,122.27,0.5503,-1,-1,-1
52,1,398.70,353.11,82.90,223.81,0.7677,-1,-1,-1
52,2,101.74,545.48,77.70,247.09,0.7519,-1,-1,-1
52,3,1207.79,981.78,73.16,98.22,0.6304,-1,-1,-1
52,4,1721.23,457.20,74.47,209.03,0.6266,-1,-1,-1
52,5,1357.04,569.22,81.20,215.37,0.6233,-1,-1,-1
52,6,4.65,782.02,69.19,245.83,0.6113,-1,-1,-1
52,8,494.00,180.37,72.30,191.21,0.3819,-1,-1,-1
52,11,789.92,149.02,60.48,178.05,0.3952,-1,-1,-1
52,12,1016.70,167.81,61.75,178.48,0.4711,-1,-1,-1
52,13,369.66,953.20,122.00,126.66,0.5450,-1,-1,-1
53,1,399.24,351.59,83.51,225.12,0.7697,-1,-1,-1
53,2,101.64,545.23,77.59,247.41,0.7453,-1,-1,-1
53,3,1207.03,980.50,74.55,99.50,0.6525,-1,-1,-1
53,4,1721.51,456.39,74.43,209.24,0.6261,-1,-1,-1
53,5,1357.47,569.47,80.82,214.07,0.6401,-1,-1,-1
53,6,5.34,780.84,68.89,243.24,0.6510,-1,-1,-1
53,8,493.36,180.63,73.21,190.88,0.4034,-1,-1,-1
53,11,789.74,148.60,60.55,177.92,0.4121,-1,-1,-1
53,12,1015.94,168.83,62.54,180.84,0.4505,-1,-1,-1
53,13,370.57,950.09,122.74,129.57,0.6933,-1,-1,-1
54,1,399.43,350.76,83.97,225.98,0.7711,-1,-1,-1
54,2,101.60,544.95,77.56,247.96,0.7479,-1,-1,-1
54,3,1206.29,979.93,75.49,100.07,0.6571,-1,-1,-1
54,4,1721.49,456.09,74.51,209.76,0.6240,-1,-1,-1
54,5,1357.52,569.23,80.93,214.03,0.6411,-1,-1,-1
54,6,7.22,778.65,68.01,239.05,0.6455,-1,-1,-1
54,8,493.00,180.62,74.22,190.73,0.3868,-1,-1,-1
54,11,790.04,148.80,60.43,177.18,0.3981,-1,-1,-1
54,12,1014.24,170.81,62.69,181.44,0.4274,-1,-1,-1
54,13,372.88,948.30,121.81,130.39,0.7180,-1,-1,-1
55,1,399.67,349.65,84.57,227.64,0.7785,-1,-1,-1
55,2,101.61,545.04,77.52,248.44,0.7363,-1,-1,-1
55,3,1205.91,979.20,76.47,100.80,0.6651,-1,-1,-1
55,4,1721.76,456.57,74.71,210.51,0.6376,-1,-1,-1
55,5,1357.44,569.04,81.26,215.04,0.6082,-1,-1,-1
55,6,8.70,775.11,67.89,237.96,0.6805,-1,-1,-1
55,8,492.58,180.32,75.34,191.27,0.4235,-1,-1,-1
55,11,790.24,148.95,60.40,176.91,0.4251,-1,-1,-1
55,12,1012.79,172.99,62.74,181.54,0.4561,-1,-1,-1
55,13,374.55,946.59,121.97,132.16,0.6929,-1,-1,-1
56,1,399.83,349.07,84.98,229.05,0.7878,-1,-1,-1
56,2,101.68,544.56,77.55,249.10,0.7376,-1,-1,-1
56,3,1205.09,977.80,77.82,102.20,0.6744,-1,-1,-1
56,4,1721.52,456.02,74.63,210.64,0.6445,-1,-1,-1
56,5,1356.91,569.13,81.50,215.95,0.6102,-1,-1,-1
56,6,9.47,772.40,67.61,235.92,0.6943,-1,-1,-1
56,8,491.68,180.28,75.99,191.40,0.4782,-1,-1,-1
56,11,790.34,148.78,60.72,177.64,0.4100,-1,-1,-1
56,12,1012.85,174.78,62.18,180.50,0.4680,-1,-1,-1
56,13,375.77,945.74,121.74,133.56,0.6985,-1,-1,-1
57,1,399.61,348.09,85.25,230.26,0.7938,-1,-1,-1
57,2,101.64,544.75,77.51,249.44,0.7329,-1,-1,-1
57,3,1204.14,976.55,79.02,103.45,0.6850,-1,-1,-1
57,4,1721.72,457.85,73.77,208.19,0.6509,-1,-1,-1
57,5,1357.22,569.19,80.91,214.10,0.6174,-1,-1,-1
57,6,8.85,770.87,67.09,232.13,0.7197,-1,-1,-1
57,8,490.72,180.93,76.36,190.97,0.4590,-1,-1,-1
57,11,790.28,148.68,61.13,178.56,0.4009,-1,-1,-1
57,12,1011.41,176.32,61.90,179.89,0.4636,-1,-1,-1
57,13,377.54,945.00,120.93,134.30,0.7176,-1,-1,-1
58,1,399.55,347.15,85.47,231.15,0.7873,-1,-1,-1
58,2,101.79,545.09,77.27,249.27,0.7288,-1,-1,-1
58,3,1203.57,976.19,79.67,103.82,0.6689,-1,-1,-1
58,4,1721.58,456.26,74.04,209.37,0.6400,-1,-1,-1
58,5,1357.14,569.34,81.12,214.68,0.6247,-1,-1,-1
58,6,10.20,767.85,67.18,229.80,0.7118,-1,-1,-1
58,8,490.10,181.48,76.75,191.07,0.4484,-1,-1,-1
58,11,790.39,148.92,61.17,178.55,0.3946,-1,-1,-1
58,12,1010.49,178.82,61.50,179.21,0.4566,-1,-1,-1
58,13,378.90,944.08,120.49,135.62,0.6723,-1,-1,-1
59,1,400.08,345.76,85.77,232.65,0.7851,-1,-1,-1
59,2,101.79,545.09,77.13,249.47,0.7327,-1,-1,-1
59,3,1202.42,975.70,80.54,104.30,0.6719,-1,-1,-1
59,4,1722.03,456.01,74.28,210.47,0.6377,-1,-1,-1
59,5,1357.32,568.92,80.77,213.53,0.6413,-1,-1,-1
59,6,10.82,765.47,67.08,226.14,0.7217,-1,-1,-1
59,8,490.14,181.95,77.34,191.44,0.4378,-1,-1,-1
59,11,789.72,148.87,61.13,178.55,0.3894,-1,-1,-1
59,12,1009.74,180.31,61.21,178.49,0.3744,-1,-1,-1
59,13,379.90,942.98,119.76,136.67,0.7142,-1,-1,-1
60,1,400.64,345.58,85.22,231.99,0.7925,-1,-1,-1
60,2,101.56,545.12,77.23,250.28,0.7259,-1,-1,-1
60,3,1201.39,974.86,81.55,105.14,0.6700,-1,-1,-1
60,4,1722.16,457.90,73.55,208.30,0.6275,-1,-1,-1
60,5,1356.93,568.92,81.23,214.80,0.6262,-1,-1,-1
60,6,11.06,761.26,67.12,225.20,0.7345,-1,-1,-1
60,8,490.05,183.00,77.54,191.20,0.4531,-1,-1,-1
60,11,789.13,148.55,62.54,183.11,0.4231,-1,-1,-1
60,12,1008.10,181.38,61.26,178.05,0.3406,-1,-1,-1
60,13,380.38,940.51,120.06,138.73,0.7101,-1,-1,-1
61,1,400.82,344.44,84.76,231.36,0.7977,-1,-1,-1
61,2,101.87,545.97,76.47,248.53,0.7279,-1,-1,-1
61,3,1198.89,972.78,83.40,107.22,0.6306,-1,-1,-1
61,4,1722.18,457.77,73.26,207.81,0.6112,-1,-1,-1
61,5,1357.17,569.19,81.02,214.25,0.6299,-1,-1,-1
61,6,11.03,758.32,67.29,225.25,0.7307,-1,-1,-1
61,8,491.33,188.08,75.87,187.94,0.4803,-1,-1,-1
61,11,788.49,148.45,63.63,186.63,0.3661,-1,-1,-1
61,12,1007.53,182.18,60.97,176.93,0.3029,-1,-1,-1
61,13,380.68,938.74,120.43,140.66,0.6141,-1,-1,-1
62,1,401.00,343.18,84.40,231.10,0.7907,-1,-1,-1
62,2,102.09,546.57,76.07,247.82,0.7287,-1,-1,-1
62,3,1197.66,972.31,84.04,107.69,0.6220,-1,-1,-1
62,4,1722.24,456.86,73.58,208.84,0.6000,-1,-1,-1
62,5,1357.30,569.22,81.07,214.58,0.6174,-1,-1,-1
62,6,11.68,756.21,67.45,225.36,0.7302,-1,-1,-1
62,8,491.33,189.80,75.87,188.71,0.4967,-1,-1,-1
62,11,788.88,148.27,63.44,186.85,0.3199,-1,-1,-1
62,12,1007.88,183.95,60.45,175.33,0.3032,-1,-1,-1
62,13,380.15,936.65,120.54,142.21,0.5694,-1,-1,-1
63,1,401.09,341.39,84.43,231.86,0.7965,-1,-1,-1
63,2,102.24,546.69,75.78,247.52,0.7298,-1,-1,-1
63,3,1196.22,971.83,84.71,108.17,0.6573,-1,-1,-1
63,4,1722.13,458.09,73.34,207.82,0.5906,-1,-1,-1
63,5,1357.22,569.03,80.83,213.81,0.6020,-1,-1,-1
63,6,11.79,754.84,68.51,228.07,0.7189,-1,-1,-1
63,8,489.95,189.01,77.55,193.88,0.5326,-1,-1,-1
63,11,788.75,148.18,63.12,186.82,0.2991,-1,-1,-1
63,12,1006.87,185.14,59.71,172.49,0.2522,-1,-1,-1
63,13,379.44,934.59,120.86,144.30,0.6604,-1,-1,-1
64,1,401.39,339.06,84.32,232.12,0.7907,-1,-1,-1
64,2,101.96,546.52,75.90,248.32,0.7195,-1,-1,-1
64,3,1194.90,972.67,84.38,107.33,0.6856,-1,-1,-1
64,4,1721.94,456.90,73.77,209.11,0.6059,-1,-1,-1
64,5,1356.44,569.28,81.40,215.32,0.5977,-1,-1,-1
64,6,12.01,753.32,68.98,229.06,0.7204,-1,-1,-1
64,8,490.62,191.18,77.14,194.08,0.4907,-1,-1,-1
64,11,789.11,148.36,62.09,184.71,0.2948,-1,-1,-1
64,12,1005.52,186.46,59.56,171.21,0.3625,-1,-1,-1
64,13,378.51,931.18,122.51,148.02,0.6716,-1,-1,-1
65,1,401.45,337.15,84.21,232.22,0.7933,-1,-1,-1
65,2,102.23,546.96,75.51,247.31,0.7280,-1,-1,-1
65,3,1193.39,973.00,84.24,107.00,0.6846,-1,-1,-1
65,4,1721.71,458.85,73.37,207.31,0.6133,-1,-1,-1
65,5,1356.74,569.23,81.29,214.54,0.6283,-1,-1,-1
65,6,11.51,752.17,69.86,231.71,0.7136,-1,-1,-1
65,8,491.28,191.90,76.90,194.76,0.5081,-1,-1,-1
65,11,790.82,148.67,58.90,175.89,0.2352,-1,-1,-1
65,12,1004.74,187.30,59.87,171.37,0.3134,-1,-1,-1
65,13,376.62,925.15,125.77,154.42,0.5634,-1,-1,-1
66,1,401.81,335.23,84.08,232.09,0.7929,-1,-1,-1
66,2,102.57,546.56,75.64,247.75,0.7208,-1,-1,-1
66,3,1190.87,971.97,85.01,108.03,0.7063,-1,-1,-1
66,4,1721.04,459.19,73.71,207.64,0.6260,-1,-1,-1
66,5,1356.50,568.73,81.91,215.83,0.6046,-1,-1,-1
66,6,11.24,750.90,70.46,233.48,0.7134,-1,-1,-1
66,8,492.09,191.38,76.50,195.83,0.5281,-1,-1,-1
66,11,793.73,149.59,53.95,157.23,0.1656,-1,-1,-1
66,12,1003.81,187.98,60.62,173.78,0.3622,-1,-1,-1
66,13,375.29,919.00,128.37,160.85,0.5605,-1,-1,-1
67,1,402.59,333.94,83.50,230.01,0.7944,-1,-1,-1
67,2,102.79,546.74,75.60,247.57,0.7250,-1,-1,-1
67,3,1189.50,971.69,85.36,108.31,0.6942,-1,-1,-1
67,4,1721.16,459.12,73.62,206.99,0.5965,-1,-1,-1
67,5,1356.85,569.03,81.49,214.67,0.5982,-1,-1,-1
67,6,10.57,749.05,71.27,236.14,0.7028,-1,-1,-1
67,8,491.87,191.31,76.88,198.75,0.5657,-1,-1,-1
67,12,1002.19,188.01,60.83,174.84,0.4069,-1,-1,-1
67,13,374.47,914.40,128.82,164.49,0.6553,-1,-1,-1
68,1,403.51,333.27,82.86,227.77,0.7902,-1,-1,-1
68,2,102.77,546.68,75.68,247.75,0.7294,-1,-1,-1
68,3,1186.14,970.25,86.42,109.75,0.6957,-1,-1,-1
68,4,1721.53,459.40,73.65,206.95,0.6081,-1,-1,-1
68,5,1356.68,568.36,81.93,215.76,0.5953,-1,-1,-1
68,6,10.13,746.78,72.28,239.72,0.7077,-1,-1,-1
68,8,492.06,192.41,75.84,197.82,0.5750,-1,-1,-1
68,12,1001.07,188.36,61.28,176.17,0.4874,-1,-1,-1
68,13,374.38,911.76,128.17,166.50,0.7051,-1,-1,-1
69,1,404.02,332.19,82.65,226.27,0.7834,-1,-1,-1
69,2,102.62,546.65,75.73,248.08,0.7309,-1,-1,-1
69,3,1184.01,969.67,86.78,110.30,0.6797,-1,-1,-1
69,4,1721.91,457.74,74.94,210.86,0.5947,-1,-1,-1
69,5,1356.54,568.55,82.27,216.85,0.5962,-1,-1,-1
69,6,10.09,744.81,72.70,241.43,0.7102,-1,-1,-1
69,8,492.22,193.38,75.28,196.35,0.5869,-1,-1,-1
69,12,1000.66,188.26,61.58,176.91,0.5338,-1,-1,-1
69,13,374.40,909.90,127.67,168.63,0.6853,-1,-1,-1
70,1,404.49,331.30,82.43,224.56,0.7903,-1,-1,-1
70,2,102.66,546.42,75.69,248.33,0.7319,-1,-1,-1
70,3,1182.12,969.17,87.05,110.82,0.6649,-1,-1,-1
70,4,1722.27,456.12,75.24,212.04,0.6157,-1,-1,-1
70,5,1356.51,568.42,82.57,217.49,0.6087,-1,-1,-1
70,6,10.76,743.16,72.01,239.06,0.7152,-1,-1,-1
70,8,492.11,195.08,74.94,194.45,0.5919,-1,-1,-1
70,12,1000.01,188.13,61.81,177.75,0.5581,-1,-1,-1
70,13,373.91,907.22,128.02,172.00,0.6793,-1,-1,-1
71,1,404.65,329.99,82.47,223.81,0.7909,-1,-1,-1
71,2,102.28,545.52,76.12,249.82,0.7292,-1,-1,-1
71,3,1180.63,968.34,87.53,111.65,0.6676,-1,-1,-1
71,4,1722.32,456.42,75.02,211.42,0.6225,-1,-1,-1
71,5,1356.56,568.68,82.83,218.40,0.5627,-1,-1,-1
71,6,12.13,741.49,70.64,233.60,0.7212,-1,-1,-1
71,8,492.80,194.05,75.57,195.59,0.6135,-1,-1,-1
71,12,998.23,188.35,61.76,178.10,0.5614,-1,-1,-1
71,13,372.56,904.87,128.34,174.85,0.7093,-1,-1,-1
72,1,404.64,328.48,83.10,224.90,0.7885,-1,-1,-1
72,2,102.06,544.81,76.29,250.51,0.7259,-1,-1,-1
72,3,1178.64,966.43,88.62,113.57,0.5933,-1,-1,-1
72,4,1722.36,456.83,74.75,210.72,0.6192,-1,-1,-1
72,5,1356.86,568.99,82.74,218.30,0.6062,-1,-1,-1
72,6,12.59,738.31,70.00,230.03,0.7274,-1,-1,-1
72,8,491.52,193.78,76.59,196.17,0.5970,-1,-1,-1
72,12,996.87,188.63,61.62,178.74,0.5725,-1,-1,-1
72,13,371.89,903.16,128.02,176.76,0.7213,-1,-1,-1
73,1,404.92,327.61,83.71,226.34,0.7872,-1,-1,-1
73,2,101.95,545.02,76.23,250.24,0.7321,-1,-1,-1
73,3,1177.60,965.32,89.17,114.68,0.6094,-1,-1,-1
73,4,1722.36,456.29,75.29,212.54,0.6133,-1,-1,-1
73,5,1357.22,569.35,82.27,216.73,0.6160,-1,-1,-1
73,6,12.69,734.93,70.22,229.32,0.7478,-1,-1,-1
73,8,490.34,193.49,77.85,196.69,0.5927,-1,-1,-1
73,12,995.29,189.48,61.27,178.92,0.5500,-1,-1,-1
73,13,371.41,902.03,127.38,177.97,0.7151,-1,-1,-1
74,1,405.40,327.32,83.72,226.26,0.7842,-1,-1,-1
74,2,102.07,545.38,75.88,249.22,0.7220,-1,-1,-1
74,3,1176.94,964.88,89.31,115.12,0.6237,-1,-1,-1
74,4,1722.41,458.91,74.02,208.65,0.5958,-1,-1,-1
74,5,1357.13,569.53,81.94,215.53,0.6195,-1,-1,-1
74,6,13.22,732.37,69.91,226.51,0.7514,-1,-1,-1
74,8,489.90,194.70,78.48,195.46,0.5599,-1,-1,-1
74,12,994.68,190.06,61.13,180.57,0.5586,-1,-1,-1
74,13,371.29,900.30,127.07,179.72,0.6885,-1,-1,-1
75,1,405.45,326.69,83.90,226.67,0.7785,-1,-1,-1
75,2,101.71,545.16,75.91,249.48,0.7284,-1,-1,-1
75,3,1176.23,964.42,89.58,115.58,0.6363,-1,-1,-1
75,4,1722.02,457.63,74.79,211.07,0.6187,-1,-1,-1
75,5,1357.50,569.90,81.14,212.95,0.6548,-1,-1,-1
75,6,12.84,730.86,70.48,226.99,0.7486,-1,-1,-1
75,8,488.54,196.19,79.09,194.19,0.5708,-1,-1,-1
75,12,992.92,189.53,61.55,183.08,0.6141,-1,-1,-1
75,13,371.33,898.13,126.93,181.90,0.6778,-1,-1,-1
76,1,406.04,326.29,84.01,227.28,0.7724,-1,-1,-1
76,2,101.48,544.44,76.00,250.22,0.7220,-1,-1,-1
76,3,1175.82,963.88,89.88,116.13,0.6886,-1,-1,-1
76,4,1721.87,459.04,73.82,207.90,0.6303,-1,-1,-1
76,5,1357.26,570.39,81.20,212.54,0.6477,-1,-1,-1
76,6,12.27,729.15,71.50,229.55,0.7470,-1,-1,-1
76,8,489.58,199.24,79.04,192.00,0.5540,-1,-1,-1
76,12,992.28,189.39,61.02,182.50,0.5748,-1,-1,-1
76,13,371.49,895.33,126.91,184.70,0.6904,-1,-1,-1
77,1,406.42,325.24,84.43,228.79,0.7668,-1,-1,-1
77,2,101.28,544.28,75.83,250.35,0.7224,-1,-1,-1
77,3,1175.57,963.69,89.87,116.31,0.6972,-1,-1,-1
77,4,1721.83,458.92,73.54,206.71,0.6226,-1,-1,-1
77,5,1357.08,570.02,82.08,214.18,0.6321,-1,-1,-1
77,6,12.11,727.70,72.02,230.59,0.7515,-1,-1,-1
77,8,492.75,201.29,78.00,189.49,0.5687,-1,-1,-1
77,12,992.06,190.08,60.41,181.23,0.5922,-1,-1,-1
77,13,372.26,893.08,126.34,186.94,0.7466,-1,-1,-1
78,1,406.46,324.61,84.50,229.28,0.7694,-1,-1,-1
78,2,101.02,544.21,75.56,250.09,0.7233,-1,-1,-1
78,3,1175.15,963.08,90.15,116.92,0.7207,-1,-1,-1
78,4,1721.82,459.61,73.46,205.90,0.6372,-1,-1,-1
78,5,1356.86,571.08,82.44,214.35,0.6380,-1,-1,-1
78,6,12.08,726.51,73.00,232.87,0.7458,-1,-1,-1
78,8,491.95,204.34,77.18,187.10,0.6007,-1,-1,-1
78,12,992.10,189.36,60.06,181.32,0.5644,-1,-1,-1
78,13,372.49,890.74,125.74,189.29,0.7540,-1,-1,-1
79,1,406.89,324.28,84.55,230.12,0.7798,-1,-1,-1
79,2,101.21,544.93,75.05,248.90,0.7258,-1,-1,-1
79,3,1174.98,962.94,90.06,117.06,0.7240,-1,-1,-1
79,4,1721.48,458.92,73.74,206.45,0.6468,-1,-1,-1
79,5,1356.69,572.10,82.49,213.70,0.6071,-1,-1,-1
79,6,12.80,725.99,73.30,232.97,0.7472,-1,-1,-1
79,8,490.85,203.39,78.83,190.75,0.5841,-1,-1,-1
79,12,991.61,190.29,59.34,179.38,0.5754,-1,-1,-1
79,13,373.55,887.52,125.37,192.51,0.7680,-1,-1,-1
80,1,407.85,324.07,84.06,229.68,0.7780,-1,-1,-1
80,2,101.33,545.39,74.73,248.42,0.7273,-1,-1,-1
80,3,1174.29,962.40,90.28,117.60,0.7371,-1,-1,-1
80,4,1721.63,459.68,73.76,206.08,0.6344,-1,-1,-1
80,5,1357.08,572.22,83.54,215.94,0.5754,-1,-1,-1
80,6,13.70,725.03,73.85,233.73,0.7277,-1,-1,-1
80,8,491.08,203.76,79.78,193.27,0.5726,-1,-1,-1
80,12,990.06,190.51,60.24,182.80,0.6078,-1,-1,-1
80,13,374.09,883.01,125.59,197.01,0.7885,-1,-1,-1
81,1,408.67,323.61,83.23,228.16,0.7615,-1,-1,-1
81,2,101.44,545.00,74.49,248.48,0.7278,-1,-1,-1
81,3,1174.38,961.88,90.27,118.12,0.7442,-1,-1,-1
81,4,1721.86,459.39,73.91,206.29,0.6201,-1,-1,-1
81,5,1356.61,571.93,84.19,217.19,0.5507,-1,-1,-1
81,6,13.87,724.38,73.99,233.74,0.7207,-1,-1,-1
81,8,491.07,204.34,80.51,195.67,0.5468,-1,-1,-1
81,12,989.07,191.15,60.09,182.89,0.6100,-1,-1,-1
81,13,374.90,879.39,125.19,200.63,0.7855,-1,-1,-1
82,1,410.55,323.36,82.51,226.94,0.7528,-1,-1,-1
82,2,101.55,545.64,73.96,247.26,0.7279,-1,-1,-1
82,3,1173.85,961.38,90.15,118.62,0.7317,-1,-1,-1
82,4,1721.73,459.41,74.04,206.52,0.6201,-1,-1,-1
82,5,1356.52,572.00,84.45,217.53,0.5451,-1,-1,-1
82,6,14.52,722.13,74.84,235.72,0.7266,-1,-1,-1
82,8,492.52,206.64,79.94,195.11,0.5545,-1,-1,-1
82,12,987.73,191.16,59.96,183.25,0.6095,-1,-1,-1
82,13,375.22,875.81,124.97,204.20,0.7833,-1,-1,-1
83,1,411.44,322.10,82.24,226.37,0.7641,-1,-1,-1
83,2,101.23,545.77,73.84,247.35,0.7278,-1,-1,-1
83,3,1173.24,961.54,89.54,118.46,0.7057,-1,-1,-1
83,4,1722.08,459.63,73.62,205.31,0.6159,-1,-1,-1
83,5,1356.51,571.53,84.95,218.65,0.5500,-1,-1,-1
83,6,15.04,720.48,75.34,237.27,0.7177,-1,-1,-1
83,8,493.42,207.32,79.80,195.05,0.5793,-1,-1,-1
83,12,986.36,191.55,59.61,182.77,0.5994,-1,-1,-1
83,13,376.43,873.24,124.18,206.77,0.7796,-1,-1,-1
84,1,412.48,320.45,81.90,226.02,0.7627,-1,-1,-1
84,2,101.44,545.91,73.71,247.36,0.7183,-1,-1,-1
84,3,1172.57,961.38,89.19,118.62,0.7224,-1,-1,-1
84,4,1721.96,459.57,73.82,205.69,0.5940,-1,-1,-1
84,5,1356.74,571.95,84.52,217.25,0.5437,-1,-1,-1
84,6,14.55,718.70,75.87,239.14,0.7199,-1,-1,-1
84,8,494.30,208.36,79.97,196.22,0.5983,-1,-1,-1
84,12,985.16,191.88,59.33,182.47,0.6085,-1,-1,-1
84,13,377.53,870.88,123.42,209.14,0.7700,-1,-1,-1
85,1,413.51,318.82,81.55,224.88,0.7575,-1,-1,-1
85,2,101.29,545.27,73.98,248.66,0.7187,-1,-1,-1
85,3,1172.18,961.34,88.72,118.66,0.7154,-1,-1,-1
85,4,1721.73,460.28,73.94,205.67,0.5994,-1,-1,-1
85,5,1356.63,572.63,85.78,220.56,0.4904,-1,-1,-1
85,6,15.91,717.58,76.22,240.14,0.7212,-1,-1,-1
85,8,495.02,209.31,79.45,195.41,0.5914,-1,-1,-1
85,12,983.20,191.01,59.90,184.39,0.5486,-1,-1,-1
85,13,378.63,868.86,122.55,211.16,0.7789,-1,-1,-1
86,1,414.80,317.55,80.77,222.38,0.7630,-1,-1,-1
86,2,101.72,545.83,73.69,247.71,0.7209,-1,-1,-1
86,3,1171.19,961.09,88.59,118.91,0.7081,-1,-1,-1
86,4,1721.80,458.32,74.94,208.57,0.6081,-1,-1,-1
86,5,1357.73,573.62,84.14,215.87,0.5336,-1,-1,-1
86,6,17.49,716.02,75.28,236.84,0.7461,-1,-1,-1
86,8,495.33,209.37,79.99,197.22,0.6102,-1,-1,-1
86,12,981.24,191.36,60.14,184.94,0.4825,-1,-1,-1
86,13,379.68,866.40,121.97,213.61,0.7884,-1,-1,-1
87,1,415.69,316.65,80.59,220.81,0.7753,-1,-1,-1
87,2,101.92,545.73,73.58,247.33,0.7339,-1,-1,-1
87,3,1170.79,960.69,88.35,119.31,0.7056,-1,-1,-1
87,4,1721.49,459.69,74.47,207.18,0.6337,-1,-1,-1
87,5,1357.39,573.75,83.97,215.38,0.5166,-1,-1,-1
87,6,19.51,713.98,73.02,228.93,0.7605,-1,-1,-1
87,8,496.04,210.05,79.72,196.28,0.6204,-1,-1,-1
87,12,980.14,191.80,59.60,182.24,0.4578,-1,-1,-1
87,13,380.82,864.39,121.30,215.62,0.7884,-1,-1,-1
88,1,415.99,315.50,80.79,220.11,0.7855,-1,-1,-1
88,2,102.04,546.13,73.39,246.58,0.7177,-1,-1,-1
88,3,1169.30,960.28,88.23,119.72,0.7422,-1,-1,-1
88,4,1721.16,460.06,74.32,206.57,0.6468,-1,-1,-1
88,5,1357.30,573.14,84.15,215.87,0.5495,-1,-1,-1
88,6,19.79,710.84,72.62,226.77,0.7287,-1,-1,-1
88,8,497.21,209.85,80.31,197.50,0.6166,-1,-1,-1
88,12,978.01,191.32,60.89,185.47,0.4209,-1,-1,-1
88,13,382.11,862.11,120.98,217.90,0.8054,-1,-1,-1
89,1,416.01,314.02,81.09,219.91,0.7766,-1,-1,-1
89,2,102.11,546.31,73.21,245.81,0.7233,-1,-1,-1
89,3,1168.27,959.83,87.84,120.11,0.7522,-1,-1,-1
89,4,1720.52,459.34,74.57,207.19,0.6361,-1,-1,-1
89,5,1357.07,573.63,84.69,217.39,0.5392,-1,-1,-1
89,6,19.85,706.58,73.14,227.23,0.7358,-1,-1,-1
89,8,498.10,208.89,81.12,199.01,0.6147,-1,-1,-1
89,12,976.89,192.92,61.11,185.19,0.4931,-1,-1,-1
89,13,383.37,860.96,119.95,219.05,0.8131,-1,-1,-1
90,1,416.39,312.61,81.44,220.12,0.7463,-1,-1,-1
90,2,102.09,546.59,73.13,245.31,0.7134,-1,-1,-1
90,3,1167.25,958.83,87.85,121.15,0.7640,-1,-1,-1
90,4,1720.43,459.42,74.45,206.84,0.6227,-1,-1,-1
90,5,1356.53,573.32,84.31,216.74,0.5371,-1,-1,-1
90,6,20.72,704.11,73.31,227.51,0.7339,-1,-1,-1
90,8,499.82,208.00,81.44,199.07,0.5991,-1,-1,-1
90,12,975.85,194.75,61.39,184.88,0.4124,-1,-1,-1
90,13,384.43,859.64,119.00,220.37,0.8173,-1,-1,-1
91,1,416.46,311.18,82.09,222.00,0.7442,-1,-1,-1
91,2,102.33,546.86,73.04,244.80,0.7042,-1,-1,-1
91,3,1165.97,957.64,87.94,122.35,0.7737,-1,-1,-1
91,4,1720.31,460.03,74.41,206.66,0.6289,-1,-1,-1
91,5,1356.17,572.42,85.04,219.06,0.5257,-1,-1,-1
91,6,21.55,701.17,73.19,226.93,0.7229,-1,-1,-1
91,8,500.68,208.51,81.26,199.26,0.5637,-1,-1,-1
91,12,974.84,193.95,61.37,184.25,0.3692,-1,-1,-1
91,13,384.92,857.64,118.59,222.37,0.8023,-1,-1,-1
92,1,416.75,310.63,82.52,223.24,0.7394,-1,-1,-1
92,2,102.33,546.77,73.10,244.91,0.7011,-1,-1,-1
92,3,1164.99,956.98,87.52,123.01,0.7608,-1,-1,-1
92,4,1720.62,460.02,74.45,206.78,0.6310,-1,-1,-1
92,5,1356.64,572.36,84.15,216.97,0.5328,-1,-1,-1
92,6,21.77,697.41,73.55,228.62,0.7176,-1,-1,-1
92,8,500.56,211.26,80.18,196.62,0.5911,-1,-1,-1
92,12,973.43,195.37,61.28,183.38,0.3984,-1,-1,-1
92,13,384.99,854.59,118.51,225.42,0.7953,-1,-1,-1
93,1,416.98,309.71,82.88,224.41,0.7306,-1,-1,-1
93,2,102.22,546.99,73.03,244.73,0.6920,-1,-1,-1
93,3,1164.04,956.62,86.88,123.38,0.7792,-1,-1,-1
93,4,1720.78,460.03,74.39,206.50,0.6208,-1,-1,-1
93,5,1356.47,572.06,83.91,216.64,0.5182,-1,-1,-1
93,6,22.80,697.23,72.68,226.31,0.7093,-1,-1,-1
93,8,500.83,209.99,80.56,198.05,0.5532,-1,-1,-1
93,12,972.60,195.45,61.98,185.61,0.3527,-1,-1,-1
93,13,385.75,851.35,118.53,228.65,0.8024,-1,-1,-1
94,1,417.05,309.02,82.97,224.82,0.7310,-1,-1,-1
94,2,102.37,547.13,73.04,244.56,0.6883,-1,-1,-1
94,3,1162.72,955.70,86.50,124.30,0.7913,-1,-1,-1
94,4,1721.27,460.16,74.51,206.88,0.6233,-1,-1,-1
94,5,1356.56,572.30,84.02,217.09,0.4741,-1,-1,-1
94,6,23.16,696.61,72.15,225.05,0.7143,-1,-1,-1
94,8,500.39,210.86,80.57,198.87,0.5256,-1,-1,-1
94,12,971.74,196.76,62.10,186.03,0.3334,-1,-1,-1
94,13,386.50,848.97,118.14,231.04,0.7916,-1,-1,-1
95,1,416.55,307.97,83.42,226.26,0.7427,-1,-1,-1
95,2,102.31,547.16,73.05,244.33,0.6853,-1,-1,-1
95,3,1161.27,954.15,86.61,125.85,0.7874,-1,-1,-1
95,4,1721.26,460.09,74.40,206.93,0.6117,-1,-1,-1
95,5,1356.65,573.30,83.77,216.49,0.4456,-1,-1,-1
95,6,23.88,695.79,72.03,225.73,0.7151,-1,-1,-1
95,8,501.31,212.67,80.27,199.23,0.4969,-1,-1,-1
95,12,970.52,197.32,62.58,187.85,0.3203,-1,-1,-1
95,13,386.60,844.62,118.48,235.38,0.7974,-1,-1,-1
96,1,417.55,307.18,83.68,226.88,0.7600,-1,-1,-1
96,2,102.15,547.01,73.01,243.98,0.6778,-1,-1,-1
96,3,1159.99,953.28,86.13,126.72,0.7955,-1,-1,-1
96,4,1721.24,459.36,74.37,207.04,0.6219,-1,-1,-1
96,5,1356.49,573.37,84.98,219.89,0.4978,-1,-1,-1
96,6,24.17,694.01,72.33,228.14,0.7193,-1,-1,-1
96,8,504.70,212.25,81.35,202.78,0.5504,-1,-1,-1
96,12,968.13,199.10,62.95,189.60,0.4080,-1,-1,-1
96,13,386.71,841.59,118.15,238.42,0.8076,-1,-1,-1
97,1,417.49,306.59,83.78,227.32,0.7582,-1,-1,-1
97,2,102.07,547.02,73.20,244.58,0.6833,-1,-1,-1
97,3,1158.21,951.85,85.91,128.15,0.7830,-1,-1,-1
97,4,1721.46,459.42,74.51,207.55,0.6386,-1,-1,-1
97,5,1355.99,572.75,85.26,221.07,0.5215,-1,-1,-1
97,6,24.21,692.87,72.14,228.54,0.7185,-1,-1,-1
97,8,506.40,213.26,81.20,204.11,0.5288,-1,-1,-1
97,12,965.93,199.49,63.10,190.69,0.3787,-1,-1,-1
97,13,386.74,840.47,116.78,239.53,0.8020,-1,-1,-1
98,1,417.66,305.29,84.11,228.70,0.7627,-1,-1,-1
98,2,101.93,546.86,73.24,244.65,0.6731,-1,-1,-1
98,3,1156.33,949.87,86.16,130.13,0.7766,-1,-1,-1
98,4,1721.21,456.87,75.33,210.40,0.6372,-1,-1,-1
98,5,1356.09,573.07,84.29,219.13,0.5183,-1,-1,-1
98,6,24.49,692.25,71.97,229.03,0.7197,-1,-1,-1
98,8,507.48,214.18,80.63,204.65,0.5613,-1,-1,-1
98,12,964.31,199.86,62.98,190.56,0.4792,-1,-1,-1
98,13,386.41,838.69,115.71,241.31,0.8025,-1,-1,-1
99,1,418.19,304.84,84.10,228.86,0.7623,-1,-1,-1
99,2,101.80,546.58,73.36,245.01,0.6740,-1,-1,-1
99,3,1154.66,947.24,86.80,132.76,0.7661,-1,-1,-1
99,4,1721.60,458.49,74.73,208.98,0.6248,-1,-1,-1
99,5,1356.74,573.45,82.71,215.02,0.5439,-1,-1,-1
99,6,25.22,691.61,71.70,228.99,0.7220,-1,-1,-1
99,8,508.49,214.61,79.73,204.73,0.5247,-1,-1,-1
99,12,962.48,200.43,62.73,190.12,0.4278,-1,-1,-1
99,13,385.86,834.73,115.62,245.27,0.8040,-1,-1,-1
100,1,419.00,303.44,84.14,229.32,0.7518,-1,-1,-1
100,2,101.47,545.57,73.95,247.44,0.6635,-1,-1,-1
100,3,1153.30,946.14,86.30,133.86,0.7549,-1,-1,-1
100,4,1721.61,459.14,74.43,208.29,0.6092,-1,-1,-1
100,5,1356.77,573.98,82.49,214.48,0.5219,-1,-1,-1
100,6,25.83,690.06,71.75,229.66,0.7321,-1,-1,-1
100,8,507.73,214.20,79.47,206.50,0.4418,-1,-1,-1
100,12,960.87,201.40,62.19,188.94,0.4511,-1,-1,-1
100,13,385.18,831.94,115.05,248.06,0.7951,-1,-1,-1
101,1,419.54,302.31,84.17,229.58,0.7660,-1,-1,-1
101,2,101.56,545.17,74.09,248.29,0.6691,-1,-1,-1
101,3,1152.02,945.38,85.40,134.16,0.7602,-1,-1,-1
101,4,1721.67,459.55,74.33,208.04,0.6193,-1,-1,-1
101,5,1356.79,574.38,82.49,214.51,0.5131,-1,-1,-1
101,6,27.37,688.00,70.93,227.33,0.7360,-1,-1,-1
101,8,508.36,216.22,79.05,207.39,0.5113,-1,-1,-1
101,12,959.94,202.05,60.97,185.28,0.4394,-1,-1,-1
101,13,384.26,830.02,114.24,249.98,0.7904,-1,-1,-1
102,1,419.99,300.39,84.09,229.81,0.7644,-1,-1,-1
102,2,101.84,544.79,74.12,248.66,0.6745,-1,-1,-1
102,3,1150.61,944.13,84.59,134.80,0.7409,-1,-1,-1
102,4,1721.71,459.93,74.04,207.37,0.6224,-1,-1,-1
102,5,1356.57,574.36,83.12,216.40,0.5021,-1,-1,-1
102,6,28.24,685.51,70.18,224.79,0.7533,-1,-1,-1
102,8,509.18,217.25,78.49,207.60,0.5148,-1,-1,-1
102,12,957.80,203.22,60.58,183.98,0.4930,-1,-1,-1
102,13,383.39,827.25,113.97,252.75,0.7981,-1,-1,-1
103,1,420.21,299.15,83.56,228.54,0.7478,-1,-1,-1
103,2,101.86,544.69,74.15,249.15,0.6718,-1,-1,-1
103,3,1148.60,941.72,84.61,136.99,0.7410,-1,-1,-1
103,4,1721.50,459.93,73.91,206.80,0.6110,-1,-1,-1
103,5,1356.84,574.02,83.56,217.78,0.4881,-1,-1,-1
103,6,30.37,684.16,69.02,220.92,0.7641,-1,-1,-1
103,8,509.21,216.99,78.78,209.64,0.5130,-1,-1,-1
103,12,954.96,201.54,60.85,184.74,0.4965,-1,-1,-1
103,13,382.59,825.36,113.53,254.64,0.7944,-1,-1,-1
104,1,420.76,298.92,82.45,225.66,0.7410,-1,-1,-1
104,2,102.01,544.15,74.25,249.98,0.6567,-1,-1,-1
104,3,1146.37,941.28,83.57,137.41,0.7273,-1,-1,-1
104,4,1721.36,459.41,73.82,206.80,0.6162,-1,-1,-1
104,5,1356.88,574.27,83.84,218.71,0.4486,-1,-1,-1
104,6,32.00,682.18,68.68,220.02,0.7643,-1,-1,-1
104,8,511.05,216.86,78.72,209.98,0.5278,-1,-1,-1
104,12,952.88,201.65,60.88,184.83,0.4648,-1,-1,-1
104,13,381.60,822.78,113.48,257.22,0.8052,-1,-1,-1
105,1,421.49,298.14,80.99,220.99,0.7366,-1,-1,-1
105,2,102.24,544.28,74.12,249.85,0.6829,-1,-1,-1
105,3,1144.76,940.48,82.44,137.78,0.7222,-1,-1,-1
105,4,1721.42,458.97,73.95,206.95,0.6147,-1,-1,-1
105,5,1356.59,574.26,85.75,224.01,0.4627,-1,-1,-1
105,6,34.14,680.91,68.93,221.26,0.7763,-1,-1,-1
105,8,512.67,220.25,77.07,206.38,0.5061,-1,-1,-1
105,12,950.47,201.25,61.33,186.56,0.4982,-1,-1,-1
105,13,381.26,821.03,113.12,258.97,0.8103,-1,-1,-1
106,1,422.33,297.02,79.80,217.04,0.7385,-1,-1,-1
106,2,102.61,545.36,73.80,248.92,0.6617,-1,-1,-1
106,3,1143.43,939.71,81.70,138.82,0.7098,-1,-1,-1
106,4,1721.35,459.55,73.89,206.77,0.6220,-1,-1,-1
106,5,1356.53,574.41,84.29,220.58,0.4964,-1,-1,-1
106,6,36.07,679.68,69.37,222.17,0.7827,-1,-1,-1
106,8,512.81,220.14,76.60,205.92,0.4992,-1,-1,-1
106,12,948.51,201.44,61.12,186.36,0.5160,-1,-1,-1
106,13,380.51,819.04,112.90,260.96,0.8043,-1,-1,-1
107,1,422.19,295.77,79.57,215.79,0.7489,-1,-1,-1
107,2,102.88,545.95,73.78,249.01,0.6631,-1,-1,-1
107,3,1142.07,938.39,81.43,140.29,0.7247,-1,-1,-1
107,4,1721.22,459.60,73.94,206.78,0.6308,-1,-1,-1
107,5,1356.59,574.39,85.09,222.77,0.4665,-1,-1,-1
107,6,38.50,678.81,70.09,222.23,0.7871,-1,-1,-1
107,8,513.13,223.00,75.25,202.96,0.5120,-1,-1,-1
107,12,947.72,203.76,60.91,186.53,0.5247,-1,-1,-1
107,13,380.09,817.60,112.35,262.40,0.8076,-1,-1,-1
108,1,422.00,294.42,79.86,216.04,0.7383,-1,-1,-1
108,2,102.87,545.92,74.09,250.20,0.6416,-1,-1,-1
108,3,1140.82,937.83,80.62,140.59,0.7298,-1,-1,-1
108,4,1721.03,459.26,74.06,207.04,0.6401,-1,-1,-1
108,5,1356.98,574.99,84.88,221.99,0.4991,-1,-1,-1
108,6,40.82,677.02,71.65,224.10,0.8082,-1,-1,-1
108,8,512.81,223.88,74.31,202.34,0.4524,-1,-1,-1
108,12,945.65,205.15,61.47,188.65,0.5481,-1,-1,-1
108,13,380.02,816.02,111.83,263.98,0.8065,-1,-1,-1
109,1,421.49,293.79,80.24,216.05,0.7413,-1,-1,-1
109,2,102.62,545.63,74.32,251.34,0.6548,-1,-1,-1
109,3,1139.12,937.00,80.42,141.94,0.7533,-1,-1,-1
109,4,1721.32,458.84,73.78,206.52,0.6151,-1,-1,-1
109,5,1356.74,575.48,83.42,218.14,0.5245,-1,-1,-1
109,6,41.39,676.01,72.57,225.08,0.8145,-1,-1,-1
109,8,513.07,225.17,73.27,201.15,0.4467,-1,-1,-1
109,12,944.38,204.97,61.18,188.41,0.6071,-1,-1,-1
109,13,379.44,811.95,112.20,268.05,0.8131,-1,-1,-1
110,1,421.10,291.82,81.22,217.83,0.7467,-1,-1,-1
110,2,102.37,545.12,74.90,253.85,0.6552,-1,-1,-1
110,3,1137.10,936.59,80.17,142.87,0.7566,-1,-1,-1
110,4,1721.23,459.25,74.07,207.48,0.6224,-1,-1,-1
110,5,1357.00,576.07,83.50,218.10,0.5024,-1,-1,-1
110,6,44.81,673.83,74.39,225.98,0.7994,-1,-1,-1
110,8,511.56,227.16,71.69,198.88,0.4354,-1,-1,-1
110,12,943.22,205.85,60.50,187.25,0.6181,-1,-1,-1
110,13,378.98,806.87,112.73,273.13,0.8169,-1,-1,-1
111,1,420.99,289.43,82.52,220.83,0.7341,-1,-1,-1
111,2,102.03,544.83,75.07,255.06,0.6583,-1,-1,-1
111,3,1135.09,935.90,80.04,143.93,0.7606,-1,-1,-1
111,4,1721.20,457.13,74.68,209.67,0.5936,-1,-1,-1
111,5,1356.95,575.99,82.12,214.46,0.5081,-1,-1,-1
111,6,47.74,671.72,76.00,226.16,0.7702,-1,-1,-1
111,8,515.33,227.80,71.93,199.07,0.5173,-1,-1,-1
111,12,941.96,206.84,60.35,187.11,0.6484,-1,-1,-1
111,13,379.51,802.33,112.91,277.67,0.8207,-1,-1,-1
112,1,420.31,287.95,83.22,222.32,0.7348,-1,-1,-1
112,2,102.07,544.74,74.86,255.15,0.6414,-1,-1,-1
112,3,1134.04,934.81,79.92,145.16,0.7561,-1,-1,-1
112,4,1721.35,456.62,74.84,210.45,0.6127,-1,-1,-1
112,5,1357.24,575.38,81.36,212.45,0.5605,-1,-1,-1
112,6,49.77,670.29,77.29,226.05,0.7174,-1,-1,-1
112,8,517.66,230.46,71.85,198.21,0.5553,-1,-1,-1
112,12,940.53,208.92,59.90,185.76,0.6367,-1,-1,-1
112,13,380.70,799.74,111.30,277.52,0.8148,-1,-1,-1
113,1,420.64,287.00,83.80,223.56,0.7437,-1,-1,-1
113,2,102.63,545.32,74.05,252.98,0.6696,-1,-1,-1
113,3,1132.22,934.24,79.66,145.77,0.7561,-1,-1,-1
113,4,1721.80,459.03,73.74,207.13,0.6321,-1,-1,-1
113,5,1357.04,575.41,82.49,215.24,0.5355,-1,-1,-1
113,6,48.81,669.82,77.32,225.36,0.6615,-1,-1,-1
113,8,518.61,232.88,71.96,198.11,0.5480,-1,-1,-1
113,12,939.38,209.99,59.60,185.38,0.6518,-1,-1,-1
113,13,381.89,797.41,108.81,274.42,0.8059,-1,-1,-1
114,1,421.04,286.06,84.08,223.38,0.7351,-1,-1,-1
114,2,102.90,545.42,73.60,251.90,0.6596,-1,-1,-1
114,3,1130.24,933.43,79.47,146.60,0.7547,-1,-1,-1
114,4,1721.39,457.19,74.48,209.59,0.6197,-1,-1,-1
114,5,1356.84,575.36,82.41,215.18,0.5363,-1,-1,-1
114,6,50.40,668.10,77.94,225.95,0.6566,-1,-1,-1
114,8,519.89,234.92,72.82,200.17,0.5681,-1,-1,-1
114,12,937.01,209.91,59.56,185.54,0.6028,-1,-1,-1
114,13,383.25,794.28,106.95,272.52,0.8079,-1,-1,-1
115,1,421.43,286.19,84.16,222.78,0.7587,-1,-1,-1
115,2,102.84,545.36,73.62,252.84,0.6313,-1,-1,-1
115,3,1127.76,933.47,79.12,146.56,0.7633,-1,-1,-1
115,4,1721.38,456.87,74.76,210.48,0.6517,-1,-1,-1
115,5,1357.22,575.05,82.17,214.30,0.5490,-1,-1,-1
115,6,53.95,666.10,78.57,226.94,0.6841,-1,-1,-1
115,8,521.77,236.39,73.29,201.03,0.6077,-1,-1,-1
115,12,936.10,210.56,58.98,184.33,0.6124,-1,-1,-1
115,13,384.91,790.93,105.66,271.10,0.8049,-1,-1,-1
116,1,420.92,285.47,84.66,223.43,0.7554,-1,-1,-1
116,2,102.85,546.10,72.42,249.11,0.5932,-1,-1,-1
116,3,1125.35,933.80,78.60,146.19,0.7660,-1,-1,-1
116,4,1721.71,459.33,73.85,207.78,0.6297,-1,-1,-1
116,5,1356.78,574.97,83.18,216.87,0.5442,-1,-1,-1
116,6,58.22,664.72,77.13,222.88,0.6925,-1,-1,-1
116,8,521.05,236.10,73.85,202.46,0.5904,-1,-1,-1
116,12,934.88,211.11,58.55,182.92,0.5616,-1,-1,-1
116,13,386.53,788.22,105.48,272.48,0.8108,-1,-1,-1
117,1,420.81,285.01,84.99,223.80,0.7546,-1,-1,-1
117,2,103.02,545.98,71.53,246.17,0.5549,-1,-1,-1
117,3,1123.35,933.91,78.13,145.68,0.7593,-1,-1,-1
117,4,1721.64,459.56,73.65,207.01,0.6431,-1,-1,-1
117,5,1356.24,575.66,84.40,220.08,0.5567,-1,-1,-1
117,6,64.99,664.32,75.43,218.35,0.7182,-1,-1,-1
117,8,520.76,236.50,74.13,203.29,0.5523,-1,-1,-1
117,12,933.61,211.14,57.85,181.18,0.5329,-1,-1,-1
117,13,387.44,786.55,105.05,272.66,0.8087,-1,-1,-1
118,1,421.02,284.64,85.05,223.83,0.7446,-1,-1,-1
118,2,101.24,545.36,71.96,246.43,0.5335,-1,-1,-1
118,3,1121.03,933.89,78.19,145.82,0.7776,-1,-1,-1
118,4,1721.68,459.81,73.55,206.62,0.6523,-1,-1,-1
118,5,1356.92,575.97,83.00,216.02,0.5140,-1,-1,-1
118,6,70.09,665.49,73.47,213.28,0.6107,-1,-1,-1
118,8,520.09,235.97,75.08,206.18,0.5837,-1,-1,-1
118,12,930.88,211.43,58.42,182.77,0.5609,-1,-1,-1
118,13,387.90,784.82,105.61,275.31,0.7998,-1,-1,-1
119,1,420.94,284.35,85.06,223.78,0.7466,-1,-1,-1
119,2,99.91,546.03,73.87,252.78,0.5138,-1,-1,-1
119,3,1118.17,933.94,78.28,145.97,0.7949,-1,-1,-1
119,4,1721.42,459.68,73.75,206.76,0.6540,-1,-1,-1
119,5,1356.77,575.83,83.41,217.20,0.4828,-1,-1,-1
119,6,75.91,667.82,72.24,209.58,0.5400,-1,-1,-1
119,8,519.44,237.13,75.11,207.07,0.6031,-1,-1,-1
119,12,929.30,210.95,58.79,184.97,0.5357,-1,-1,-1
119,13,389.52,783.48,105.10,275.22,0.8012,-1,-1,-1
120,1,420.87,283.84,85.22,224.34,0.7468,-1,-1,-1
120,2,99.31,545.64,74.76,255.87,0.5082,-1,-1,-1
120,3,1114.82,933.52,78.57,146.46,0.7978,-1,-1,-1
120,4,1721.41,459.85,73.90,206.86,0.6276,-1,-1,-1
120,5,1357.04,576.99,82.17,213.51,0.4812,-1,-1,-1
120,6,80.22,666.54,71.37,207.76,0.5924,-1,-1,-1
120,8,520.00,239.89,73.78,203.96,0.5786,-1,-1,-1
120,12,927.98,211.22,58.91,186.11,0.5363,-1,-1,-1
120,13,390.43,782.27,104.73,275.35,0.8033,-1,-1,-1
121,1,420.62,282.24,85.32,225.02,0.7512,-1,-1,-1
121,2,100.59,544.93,72.99,248.95,0.4923,-1,-1,-1
121,3,1111.30,932.85,79.04,147.16,0.7761,-1,-1,-1
121,4,1721.19,457.08,74.84,209.92,0.6353,-1,-1,-1
121,5,1356.89,576.32,82.04,213.00,0.5522,-1,-1,-1
121,6,81.80,664.45,72.18,210.10,0.6927,-1,-1,-1
121,8,520.13,242.34,72.20,200.83,0.5770,-1,-1,-1
121,12,926.22,211.41,58.96,186.71,0.4909,-1,-1,-1
121,13,390.90,780.19,104.81,276.63,0.8022,-1,-1,-1
122,1,420.95,281.25,84.86,223.94,0.7521,-1,-1,-1
122,2,104.53,546.04,65.94,221.54,0.4591,-1,-1,-1
122,3,1107.56,932.38,79.42,147.63,0.7837,-1,-1,-1
122,4,1721.12,458.80,74.34,208.00,0.6479,-1,-1,-1
122,5,1356.94,576.19,83.09,215.55,0.4780,-1,-1,-1
122,6,85.07,661.83,73.31,212.53,0.6641,-1,-1,-1
122,8,519.27,242.77,71.36,199.92,0.5996,-1,-1,-1
122,12,924.68,211.43,58.75,187.03,0.4256,-1,-1,-1
122,13,391.19,779.26,104.71,277.10,0.7995,-1,-1,-1
123,1,421.66,280.30,83.94,221.70,0.7330,-1,-1,-1
123,2,106.03,546.21,63.52,210.55,0.4804,-1,-1,-1
123,3,1104.69,931.63,79.63,148.08,0.7825,-1,-1,-1
123,4,1721.33,458.89,74.43,207.91,0.6469,-1,-1,-1
123,5,1357.27,576.42,82.48,213.45,0.5540,-1,-1,-1
123,6,86.48,659.50,74.07,213.97,0.6610,-1,-1,-1
123,8,519.80,244.46,70.13,197.48,0.5734,-1,-1,-1
123,12,923.81,210.32,58.88,188.49,0.4608,-1,-1,-1
123,13,391.25,778.01,104.53,277.24,0.7933,-1,-1,-1
124,1,422.18,279.13,82.83,218.72,0.7284,-1,-1,-1
124,2,105.33,545.37,64.63,212.26,0.3543,-1,-1,-1
124,3,1101.14,930.29,80.17,149.22,0.7832,-1,-1,-1
124,4,1721.32,459.38,74.27,207.12,0.6137,-1,-1,-1
124,5,1357.15,576.38,82.83,214.22,0.5143,-1,-1,-1
124,6,89.96,657.20,74.40,216.15,0.5096,-1,-1,-1
124,8,521.48,245.02,70.06,197.53,0.5242,-1,-1,-1
124,12,921.98,210.16,58.76,188.64,0.4639,-1,-1,-1
124,13,392.60,777.41,103.69,275.12,0.7934,-1,-1,-1
125,1,422.92,278.29,81.49,214.96,0.7079,-1,-1,-1
125,2,105.39,545.24,64.53,209.89,0.3387,-1,-1,-1
125,3,1097.51,929.73,80.54,150.00,0.7885,-1,-1,-1
125,4,1721.00,458.45,74.67,208.29,0.6329,-1,-1,-1
125,5,1357.09,576.01,83.01,214.71,0.4869,-1,-1,-1
125,6,92.68,654.05,74.45,219.36,0.4099,-1,-1,-1
125,8,522.37,247.10,68.32,192.68,0.5251,-1,-1,-1
125,12,920.02,210.45,58.56,188.82,0.4718,-1,-1,-1
125,13,392.49,775.18,103.84,276.11,0.7895,-1,-1,-1
126,1,422.61,277.40,81.19,213.79,0.7058,-1,-1,-1
126,2,109.33,544.04,56.60,177.40,0.3044,-1,-1,-1
126,3,1094.13,929.11,80.82,150.49,0.8040,-1,-1,-1
126,4,1720.61,458.49,74.82,208.70,0.6346,-1,-1,-1
126,5,1357.41,575.97,82.39,213.14,0.5259,-1,-1,-1
126,6,95.61,653.52,73.43,218.94,0.2811,-1,-1,-1
126,8,522.94,248.57,68.04,191.99,0.5492,-1,-1,-1
126,12,917.91,210.93,58.16,189.13,0.4829,-1,-1,-1
126,13,391.47,771.11,104.09,278.33,0.8007,-1,-1,-1
127,1,422.62,276.82,80.96,213.33,0.6877,-1,-1,-1
127,2,111.41,543.75,53.08,160.02,0.2618,-1,-1,-1
127,3,1091.22,928.89,81.22,150.97,0.8076,-1,-1,-1
127,4,1720.96,458.87,74.57,207.88,0.6575,-1,-1,-1
127,5,1357.55,576.47,82.51,213.41,0.5202,-1,-1,-1
127,6,91.61,581.00,93.12,286.45,0.3014,-1,-1,-1
127,8,523.82,251.32,67.13,189.36,0.5626,-1,-1,-1
127,12,916.48,210.93,57.75,189.22,0.4226,-1,-1,-1
127,13,391.30,766.65,103.04,277.39,0.7937,-1,-1,-1
128,1,422.34,276.28,80.74,212.95,0.6688,-1,-1,-1
128,2,111.43,543.59,52.98,154.29,0.3952,-1,-1,-1
128,3,1087.88,928.19,81.50,151.52,0.7922,-1,-1,-1
128,4,1721.27,459.12,74.47,207.30,0.6282,-1,-1,-1
128,5,1357.32,576.66,82.87,214.39,0.5055,-1,-1,-1
128,8,524.25,253.92,66.68,188.45,0.5367,-1,-1,-1
128,12,913.79,211.98,57.62,189.62,0.4353,-1,-1,-1
128,13,391.41,762.02,102.36,276.76,0.7918,-1,-1,-1
129,1,419.86,275.61,81.50,215.24,0.6899,-1,-1,-1
129,3,1085.32,927.64,81.61,151.87,0.7887,-1,-1,-1
129,4,1721.16,458.59,74.33,206.71,0.6354,-1,-1,-1
129,5,1360.29,576.06,83.96,219.06,0.4777,-1,-1,-1
129,8,524.06,255.27,67.12,190.74,0.5923,-1,-1,-1
129,12,911.59,212.91,57.13,188.11,0.4731,-1,-1,-1
129,13,392.82,757.33,100.43,272.92,0.7937,-1,-1,-1
130,1,418.69,274.20,82.15,217.36,0.7042,-1,-1,-1
130,3,1082.22,926.95,81.86,152.30,0.7803,-1,-1,-1
130,4,1721.24,458.43,74.57,207.45,0.6125,-1,-1,-1
130,5,1359.38,575.70,83.64,218.27,0.4890,-1,-1,-1
130,8,524.48,257.35,67.00,192.22,0.5550,-1,-1,-1
130,12,907.98,214.06,57.45,187.07,0.4832,-1,-1,-1
130,13,394.54,754.36,97.99,267.37,0.7504,-1,-1,-1
130,6,99.56,547.30,81.66,254.01,0.5555,-1,-1,-1
131,1,418.83,273.02,82.29,218.50,0.6626,-1,-1,-1
131,3,1080.11,926.72,81.48,151.74,0.7587,-1,-1,-1
131,4,1721.24,458.87,74.44,207.16,0.6176,-1,-1,-1
131,5,1360.08,576.45,82.57,215.67,0.5041,-1,-1,-1
131,8,524.45,257.81,68.01,197.54,0.5050,-1,-1,-1
131,12,904.60,214.27,58.00,186.63,0.4995,-1,-1,-1
131,13,394.67,752.09,96.58,264.41,0.7422,-1,-1,-1
131,6,100.87,542.67,78.40,246.23,0.6451,-1,-1,-1
132,1,418.57,272.76,82.37,219.10,0.6495,-1,-1,-1
132,3,1078.94,927.13,81.17,151.19,0.7711,-1,-1,-1
132,4,1721.28,459.16,74.39,207.04,0.6174,-1,-1,-1
132,5,1359.46,576.27,82.37,215.33,0.5141,-1,-1,-1
132,8,525.58,254.68,69.13,203.07,0.5009,-1,-1,-1
132,12,903.41,213.51,59.09,187.43,0.4835,-1,-1,-1
132,13,393.18,749.84,96.58,265.14,0.7529,-1,-1,-1
132,6,101.61,541.90,77.50,244.99,0.5842,-1,-1,-1
133,1,418.14,271.96,82.45,219.61,0.6420,-1,-1,-1
133,3,1077.46,927.34,81.10,151.10,0.7793,-1,-1,-1
133,4,1721.13,458.89,74.33,206.75,0.6036,-1,-1,-1
133,5,1358.91,576.63,82.18,214.33,0.4921,-1,-1,-1
133,8,526.32,253.77,69.20,206.12,0.5161,-1,-1,-1
133,12,902.54,211.58,60.73,190.54,0.4768,-1,-1,-1
133,13,391.48,748.38,96.73,265.17,0.7542,-1,-1,-1
133,6,102.07,541.94,76.98,244.35,0.5375,-1,-1,-1
134,1,417.84,272.38,82.13,218.92,0.6426,-1,-1,-1
134,3,1075.21,927.09,80.80,150.92,0.7850,-1,-1,-1
134,4,1721.03,459.40,74.34,206.87,0.5937,-1,-1,-1
134,5,1358.82,575.99,82.90,216.11,0.4819,-1,-1,-1
134,8,526.78,255.17,67.60,204.49,0.5157,-1,-1,-1
134,12,901.23,211.81,61.22,190.33,0.4615,-1,-1,-1
134,13,390.18,747.35,97.03,265.52,0.7698,-1,-1,-1
134,6,103.69,542.53,74.74,236.44,0.5149,-1,-1,-1
135,1,416.72,271.33,82.37,219.22,0.6417,-1,-1,-1
135,3,1073.53,926.50,80.93,151.55,0.7817,-1,-1,-1
135,4,1720.61,458.74,74.61,207.48,0.5994,-1,-1,-1
135,5,1358.63,575.94,83.32,216.95,0.5091,-1,-1,-1
135,8,526.64,258.07,66.44,203.60,0.5556,-1,-1,-1
135,12,900.39,211.15,61.95,191.27,0.4350,-1,-1,-1
135,13,389.34,745.44,97.75,267.44,0.7788,-1,-1,-1
135,6,103.26,541.16,75.69,239.01,0.6190,-1,-1,-1
136,1,416.80,270.73,82.13,218.76,0.6724,-1,-1,-1
136,3,1071.63,926.61,80.29,150.98,0.7888,-1,-1,-1
136,4,1720.86,458.78,74.74,207.98,0.6121,-1,-1,-1
136,5,1360.43,576.64,84.24,219.78,0.4843,-1,-1,-1
136,8,526.48,258.84,65.44,203.13,0.5589,-1,-1,-1
136,12,898.67,211.85,61.70,189.94,0.4134,-1,-1,-1
136,13,387.69,744.56,98.33,268.00,0.7918,-1,-1,-1
136,6,102.79,541.74,75.28,237.84,0.6223,-1,-1,-1
137,1,416.14,269.21,82.26,219.09,0.6636,-1,-1,-1
137,3,1070.01,926.99,79.67,150.26,0.7951,-1,-1,-1
137,4,1720.97,457.82,74.98,208.71,0.6079,-1,-1,-1
137,5,1362.65,577.39,83.54,219.22,0.4571,-1,-1,-1
137,8,527.19,256.95,64.99,204.73,0.5878,-1,-1,-1
137,12,896.39,211.24,61.98,191.11,0.4159,-1,-1,-1
137,13,386.29,744.07,98.79,268.19,0.7897,-1,-1,-1
137,6,101.31,542.83,74.35,236.07,0.5724,-1,-1,-1
137,14,1043.57,139.18,92.25,171.40,0.5818,-1,-1,-1
138,1,415.87,267.90,82.32,219.37,0.6922,-1,-1,-1
138,3,1068.48,927.35,79.18,149.87,0.7898,-1,-1,-1
138,4,1720.93,457.75,75.07,209.03,0.6051,-1,-1,-1
138,5,1362.94,577.21,83.86,221.29,0.4475,-1,-1,-1
138,8,528.04,256.47,63.69,203.61,0.5918,-1,-1,-1
138,12,893.63,211.95,58.97,183.11,0.4602,-1,-1,-1
138,13,385.30,743.90,99.10,267.87,0.7893,-1,-1,-1
138,6,100.01,543.57,73.47,235.55,0.5974,-1,-1,-1
138,14,1041.82,140.31,91.67,170.21,0.6013,-1,-1,-1
139,1,415.17,266.33,82.57,220.46,0.6406,-1,-1,-1
139,3,1067.08,927.29,78.66,149.42,0.7876,-1,-1,-1
139,4,1720.81,457.72,75.14,209.17,0.6233,-1,-1,-1
139,5,1362.03,576.60,84.61,223.47,0.4683,-1,-1,-1
139,8,528.75,258.44,62.27,201.44,0.5747,-1,-1,-1
139,12,892.25,210.61,60.50,188.31,0.5239,-1,-1,-1
139,13,384.53,743.72,99.22,267.23,0.7959,-1,-1,-1
139,6,99.41,543.98,73.11,236.63,0.6166,-1,-1,-1
139,14,1040.93,140.68,91.95,170.72,0.5912,-1,-1,-1
140,1,416.07,266.86,81.51,218.11,0.6140,-1,-1,-1
140,3,1065.53,926.60,78.52,149.61,0.7917,-1,-1,-1
140,4,1720.88,458.14,75.06,208.87,0.6352,-1,-1,-1
140,5,1360.84,576.89,82.43,216.78,0.5493,-1,-1,-1
140,8,529.03,258.40,61.97,202.50,0.6024,-1,-1,-1
140,12,888.04,210.26,58.63,184.24,0.4706,-1,-1,-1
140,13,384.69,741.74,99.46,267.24,0.7963,-1,-1,-1
140,6,99.09,544.09,72.68,237.85,0.6185,-1,-1,-1
140,14,1039.71,140.88,92.10,171.06,0.5768,-1,-1,-1
141,1,416.02,265.40,81.07,217.25,0.6318,-1,-1,-1
141,3,1063.33,925.43,78.88,150.97,0.7871,-1,-1,-1
141,4,1721.08,458.25,74.86,208.27,0.6219,-1,-1,-1
141,5,1359.78,575.99,82.76,216.69,0.4985,-1,-1,-1
141,8,529.22,258.31,61.32,202.19,0.6032,-1,-1,-1
141,12,884.73,209.74,58.89,186.47,0.5441,-1,-1,-1
141,13,384.76,739.64,99.52,267.30,0.7963,-1,-1,-1
141,6,99.53,544.64,72.36,239.13,0.6445,-1,-1,-1
141,14,1039.32,140.59,91.51,170.43,0.5570,-1,-1,-1
142,1,415.97,264.34,80.66,216.74,0.6327,-1,-1,-1
142,3,1061.73,924.79,78.90,152.27,0.7774,-1,-1,-1
142,4,1721.48,458.86,74.59,207.36,0.6235,-1,-1,-1
142,5,1359.13,575.87,83.48,217.63,0.4819,-1,-1,-1
142,8,529.31,257.65,61.00,202.92,0.5994,-1,-1,-1
142,12,881.57,208.75,58.64,187.04,0.5159,-1,-1,-1
142,13,385.30,737.43,99.43,267.93,0.7917,-1,-1,-1
142,6,100.51,544.95,72.13,240.47,0.6580,-1,-1,-1
142,14,1038.14,140.65,90.71,169.35,0.5949,-1,-1,-1
142,16,146.74,628.98,87.51,205.38,0.5432,-1,-1,-1
143,1,414.13,260.40,81.58,220.17,0.6328,-1,-1,-1
143,3,1060.10,923.79,78.56,152.94,0.7622,-1,-1,-1
143,4,1721.48,459.08,74.53,207.08,0.6333,-1,-1,-1
143,5,1358.95,575.81,83.75,217.74,0.4816,-1,-1,-1
143,8,528.96,257.65,60.58,203.02,0.5946,-1,-1,-1
143,12,879.06,207.29,58.56,188.51,0.4785,-1,-1,-1
143,13,386.27,734.77,98.47,266.33,0.8025,-1,-1,-1
143,6,101.34,544.75,71.65,240.55,0.6746,-1,-1,-1
143,14,1037.28,138.63,91.02,171.03,0.5702,-1,-1,-1
143,16,147.62,629.43,88.45,207.71,0.6519,-1,-1,-1
144,1,414.19,259.36,80.86,218.35,0.6323,-1,-1,-1
144,3,1058.44,923.16,78.03,153.48,0.7572,-1,-1,-1
144,4,1721.61,459.55,74.51,207.01,0.6214,-1,-1,-1
144,5,1359.21,575.91,83.79,217.31,0.4981,-1,-1,-1
144,8,529.11,259.20,60.27,202.91,0.6042,-1,-1,-1
144,12,876.90,206.86,58.49,188.67,0.4732,-1,-1,-1
144,13,387.41,731.62,96.99,263.21,0.7948,-1,-1,-1
144,6,101.85,545.01,71.30,240.53,0.6866,-1,-1,-1
144,14,1035.83,137.13,90.54,171.67,0.4549,-1,-1,-1
144,16,149.71,630.56,88.19,207.54,0.6813,-1,-1,-1
145,1,415.55,259.27,78.92,213.16,0.6204,-1,-1,-1
145,3,1056.46,922.79,77.23,153.82,0.7582,-1,-1,-1
145,4,1721.56,459.39,74.38,206.71,0.6099,-1,-1,-1
145,5,1359.07,575.99,83.11,215.02,0.5396,-1,-1,-1
145,8,528.44,259.41,59.89,202.74,0.5953,-1,-1,-1
145,12,874.23,207.06,58.31,186.77,0.5442,-1,-1,-1
145,13,389.99,729.56,94.81,258.21,0.7985,-1,-1,-1
145,6,102.52,545.12,71.39,241.76,0.7088,-1,-1,-1
145,14,1032.76,136.47,89.15,171.82,0.4217,-1,-1,-1
145,16,151.09,628.29,89.26,211.27,0.7007,-1,-1,-1
146,1,413.63,254.61,79.92,216.98,0.6393,-1,-1,-1
146,3,1053.64,921.90,77.15,156.00,0.7412,-1,-1,-1
146,4,1721.64,459.53,74.54,207.29,0.6137,-1,-1,-1
146,5,1358.41,575.54,84.04,217.23,0.5126,-1,-1,-1
146,8,528.82,259.43,60.07,204.28,0.5935,-1,-1,-1
146,12,872.84,206.53,58.20,185.85,0.4901,-1,-1,-1
146,13,392.07,726.72,92.90,253.38,0.7770,-1,-1,-1
146,6,102.92,545.38,71.28,242.02,0.7156,-1,-1,-1
146,14,1030.54,136.28,87.08,171.33,0.4843,-1,-1,-1
146,16,152.22,625.37,89.79,214.02,0.7110,-1,-1,-1
146,17,583.51,253.89,55.74,186.54,0.5108,-1,-1,-1
147,1,413.13,253.15,80.19,218.53,0.6465,-1,-1,-1
147,3,1050.95,921.20,76.35,157.24,0.7264,-1,-1,-1
147,4,1721.64,459.09,74.58,207.30,0.6268,-1,-1,-1
147,5,1358.50,574.76,84.15,217.44,0.5407,-1,-1,-1
147,8,528.67,260.07,60.15,205.85,0.6095,-1,-1,-1
147,12,871.05,205.88,58.43,185.33,0.4783,-1,-1,-1
147,13,392.98,720.64,93.19,254.85,0.7796,-1,-1,-1
147,6,103.46,545.65,70.90,241.14,0.7131,-1,-1,-1
147,14,1028.87,135.45,85.01,171.21,0.4764,-1,-1,-1
147,16,153.50,621.28,89.89,216.17,0.6894,-1,-1,-1
147,17,583.78,254.68,56.17,188.11,0.5380,-1,-1,-1
148,1,412.90,252.44,80.18,219.04,0.6339,-1,-1,-1
148,3,1049.07,919.84,75.16,157.47,0.7273,-1,-1,-1
148,4,1721.45,458.59,74.92,208.32,0.6466,-1,-1,-1
148,5,1358.04,575.16,83.80,216.53,0.5588,-1,-1,-1
148,8,529.39,261.22,60.30,206.76,0.5946,-1,-1,-1
148,12,868.20,204.83,60.30,190.53,0.4446,-1,-1,-1
148,13,393.87,717.36,93.12,254.93,0.7777,-1,-1,-1
148,6,103.63,545.29,70.93,241.42,0.7135,-1,-1,-1
148,14,1026.21,134.87,82.75,171.29,0.4424,-1,-1,-1
148,16,156.55,617.54,89.04,216.12,0.7078,-1,-1,-1
148,17,584.43,255.42,56.34,188.92,0.4954,-1,-1,-1
149,1,414.72,255.29,78.63,215.07,0.6248,-1,-1,-1
149,3,1047.88,918.49,74.46,158.69,0.7264,-1,-1,-1
149,4,1721.13,458.85,74.69,207.72,0.6218,-1,-1,-1
149,5,1358.33,575.30,83.61,215.67,0.5452,-1,-1,-1
149,8,530.33,262.85,60.11,206.37,0.6301,-1,-1,-1
149,12,866.17,204.42,60.91,192.22,0.4432,-1,-1,-1
149,13,395.06,713.24,94.18,258.32,0.7879,-1,-1,-1
149,6,103.79,545.38,70.81,241.20,0.7151,-1,-1,-1
149,14,1024.67,135.31,79.64,169.60,0.3608,-1,-1,-1
149,16,160.15,614.99,87.76,215.50,0.6958,-1,-1,-1
149,17,585.27,256.16,56.59,189.96,0.4500,-1,-1,-1
150,1,415.54,256.03,78.05,213.74,0.6198,-1,-1,-1
150,3,1045.81,916.76,74.15,160.97,0.7368,-1,-1,-1
150,4,1721.10,458.60,74.79,208.08,0.6385,-1,-1,-1
150,5,1357.74,574.96,84.19,216.82,0.5402,-1,-1,-1
150,8,530.22,264.76,60.13,207.39,0.6155,-1,-1,-1
150,12,865.84,205.09,61.24,192.61,0.4056,-1,-1,-1
150,13,395.24,710.64,95.42,261.47,0.7855,-1,-1,-1
150,6,103.58,545.31,71.07,242.26,0.7131,-1,-1,-1
150,14,1022.63,134.47,78.49,171.56,0.4901,-1,-1,-1
150,16,164.79,613.55,85.82,214.42,0.6570,-1,-1,-1
150,17,586.11,256.87,56.75,190.74,0.4352,-1,-1,-1
