1,1,1338.48,417.88,163.01,358.61,0.8093,-1,-1,-1
1,2,584.16,443.38,91.76,264.69,0.7630,-1,-1,-1
1,3,439.99,445.88,112.20,273.42,0.6760,-1,-1,-1
1,4,1455.13,432.63,141.44,332.68,0.6426,-1,-1,-1
1,5,730.90,456.73,35.97,111.40,0.5625,-1,-1,-1
1,6,916.83,431.53,59.61,154.78,0.3894,-1,-1,-1
2,1,1342.76,417.60,160.35,359.17,0.8313,-1,-1,-1
2,2,584.51,442.91,92.31,264.19,0.7656,-1,-1,-1
2,3,437.66,445.28,116.80,274.27,0.6901,-1,-1,-1
2,4,1452.15,436.86,146.67,331.72,0.6726,-1,-1,-1
2,5,731.47,457.28,36.30,110.28,0.5322,-1,-1,-1
2,6,916.38,432.17,60.16,154.63,0.3999,-1,-1,-1
3,1,1343.63,423.32,175.81,365.87,0.8358,-1,-1,-1
3,2,584.48,443.04,93.55,263.65,0.7561,-1,-1,-1
3,3,437.22,443.75,117.93,276.33,0.6979,-1,-1,-1
3,4,1466.13,441.59,138.80,327.08,0.7325,-1,-1,-1
3,5,731.30,460.21,36.82,106.78,0.5315,-1,-1,-1
3,6,915.96,432.68,60.92,153.92,0.4033,-1,-1,-1
4,1,1348.57,421.73,179.33,375.82,0.8240,-1,-1,-1
4,2,584.44,443.81,93.19,264.26,0.7670,-1,-1,-1
4,3,438.60,442.96,119.11,276.69,0.7436,-1,-1,-1
4,4,1478.41,434.62,126.14,333.26,0.7303,-1,-1,-1
4,5,732.04,459.14,36.84,109.28,0.5187,-1,-1,-1
4,6,916.38,432.05,60.98,154.18,0.4196,-1,-1,-1
5,1,1351.71,419.43,178.44,385.08,0.8483,-1,-1,-1
5,2,584.71,444.03,93.12,264.05,0.7658,-1,-1,-1
5,3,442.38,443.59,119.27,274.36,0.6899,-1,-1,-1
5,4,1485.91,429.52,116.05,338.50,0.7403,-1,-1,-1
5,5,732.67,459.01,35.89,109.28,0.5181,-1,-1,-1
5,6,916.02,431.29,61.39,154.51,0.4083,-1,-1,-1
6,1,1358.00,418.61,174.37,388.34,0.8471,-1,-1,-1
6,2,584.12,443.52,92.55,266.94,0.7617,-1,-1,-1
6,3,448.71,443.81,117.46,274.34,0.6951,-1,-1,-1
6,4,1494.98,426.49,107.82,342.02,0.7237,-1,-1,-1
6,5,733.36,457.57,34.52,110.22,0.5346,-1,-1,-1
6,6,915.74,430.52,62.07,155.97,0.4202,-1,-1,-1
7,1,1368.03,419.05,160.35,385.22,0.8559,-1,-1,-1
7,2,584.46,443.02,91.76,268.09,0.7671,-1,-1,-1
7,3,447.32,444.57,119.97,274.33,0.7308,-1,-1,-1
7,4,1500.62,430.35,102.39,339.34,0.7679,-1,-1,-1
7,5,733.52,457.85,33.88,109.91,0.5489,-1,-1,-1
7,6,914.97,430.63,61.92,155.87,0.3742,-1,-1,-1
8,1,1385.37,415.30,142.28,386.75,0.8056,-1,-1,-1
8,2,584.70,442.96,91.83,267.36,0.7823,-1,-1,-1
8,3,448.67,444.07,119.50,274.59,0.7468,-1,-1,-1
8,4,1505.57,422.73,98.90,347.94,0.7695,-1,-1,-1
8,5,733.49,457.17,34.27,109.68,0.5422,-1,-1,-1
8,6,914.73,428.49,61.41,157.94,0.3851,-1,-1,-1
9,1,1400.69,409.61,130.08,392.08,0.7453,-1,-1,-1
9,2,585.14,442.66,90.88,268.12,0.7793,-1,-1,-1
9,3,454.78,444.16,114.63,274.29,0.7434,-1,-1,-1
9,4,1512.02,422.00,94.55,347.94,0.7485,-1,-1,-1
9,5,733.11,457.02,35.07,110.99,0.5346,-1,-1,-1
10,1,1416.27,413.50,120.40,382.63,0.7915,-1,-1,-1
10,2,585.36,442.79,91.41,268.21,0.7823,-1,-1,-1
10,3,457.15,443.88,114.11,274.35,0.7179,-1,-1,-1
10,4,1507.35,418.07,109.05,355.35,0.6691,-1,-1,-1
10,5,732.78,457.47,35.88,109.78,0.5202,-1,-1,-1
11,1,1426.75,412.61,119.34,385.72,0.7691,-1,-1,-1
11,2,585.91,442.84,91.17,267.06,0.7705,-1,-1,-1
11,3,455.63,442.76,115.24,275.85,0.6894,-1,-1,-1
11,4,1525.73,418.81,97.88,350.61,0.7954,-1,-1,-1
11,5,732.59,458.51,37.09,110.58,0.5668,-1,-1,-1
12,1,1438.36,409.16,117.20,388.30,0.7273,-1,-1,-1
12,2,585.72,442.28,91.73,266.93,0.7667,-1,-1,-1
12,3,451.61,442.23,119.26,276.27,0.6674,-1,-1,-1
12,4,1537.11,418.83,94.20,353.07,0.7732,-1,-1,-1
12,5,731.65,456.76,38.07,112.95,0.6052,-1,-1,-1
13,1,1446.25,411.86,121.77,386.80,0.7015,-1,-1,-1
13,2,585.37,442.04,92.48,267.28,0.7539,-1,-1,-1
13,3,446.83,442.92,123.50,276.33,0.7038,-1,-1,-1
13,4,1540.10,420.20,104.26,357.62,0.7515,-1,-1,-1
13,5,730.77,456.29,38.75,117.02,0.5822,-1,-1,-1
14,1,1453.66,410.23,128.36,387.34,0.5769,-1,-1,-1
14,2,584.35,442.16,93.98,268.00,0.7504,-1,-1,-1
14,3,447.06,442.02,122.01,280.35,0.6394,-1,-1,-1
14,4,1538.74,416.60,130.65,370.01,0.6144,-1,-1,-1
14,5,730.25,456.45,39.43,118.47,0.5512,-1,-1,-1
15,1,1461.70,415.49,108.39,382.04,0.4908,-1,-1,-1
15,2,583.99,442.43,93.22,269.26,0.7700,-1,-1,-1
15,3,446.43,442.85,120.93,282.07,0.6578,-1,-1,-1
15,4,1539.18,421.85,160.18,373.43,0.5959,-1,-1,-1
15,5,730.37,453.31,39.87,123.60,0.6068,-1,-1,-1
16,1,1464.04,422.22,105.96,377.18,0.4018,-1,-1,-1
16,2,583.63,443.69,92.96,267.45,0.7683,-1,-1,-1
16,3,445.86,442.66,117.80,283.48,0.6511,-1,-1,-1
16,4,1547.74,421.11,176.65,381.49,0.6740,-1,-1,-1
16,5,730.83,453.85,38.23,123.16,0.4916,-1,-1,-1
17,1,1459.17,420.93,130.45,381.37,0.3625,-1,-1,-1
17,2,583.36,445.39,93.01,267.31,0.7652,-1,-1,-1
17,3,446.19,442.69,116.12,284.55,0.6589,-1,-1,-1
17,4,1556.50,420.98,186.38,385.27,0.7724,-1,-1,-1
17,5,729.61,454.82,37.60,121.50,0.4490,-1,-1,-1
18,1,1459.40,420.78,181.46,388.47,0.6832,-1,-1,-1
18,2,583.57,445.05,93.02,268.36,0.7898,-1,-1,-1
18,3,448.02,442.96,114.08,284.66,0.7161,-1,-1,-1
18,4,1570.56,426.26,181.75,383.23,0.7103,-1,-1,-1
18,5,728.36,456.79,37.61,119.09,0.4405,-1,-1,-1
19,1,1460.58,414.76,173.86,390.47,0.4640,-1,-1,-1
19,2,584.19,445.13,94.18,269.27,0.7677,-1,-1,-1
19,3,450.16,444.57,112.76,284.60,0.7092,-1,-1,-1
19,4,1566.71,451.87,191.08,361.86,0.6827,-1,-1,-1
19,5,726.66,458.73,38.62,117.19,0.4066,-1,-1,-1
19,10,1254.70,435.95,35.23,108.03,0.4019,-1,-1,-1
20,1,1461.79,411.59,170.13,394.38,0.3684,-1,-1,-1
20,2,584.52,445.77,97.93,267.63,0.7783,-1,-1,-1
20,3,451.45,448.59,113.96,279.94,0.7097,-1,-1,-1
20,4,1587.28,457.30,186.32,349.52,0.6328,-1,-1,-1
20,5,725.54,455.31,39.73,119.36,0.4105,-1,-1,-1
20,10,1254.67,436.45,35.20,107.06,0.3275,-1,-1,-1
21,1,1462.10,412.46,225.13,403.61,0.7286,-1,-1,-1
21,2,584.77,444.50,101.31,269.09,0.7905,-1,-1,-1
21,3,452.41,448.09,112.85,279.27,0.6969,-1,-1,-1
21,4,1612.17,455.46,157.66,348.90,0.6553,-1,-1,-1
21,5,726.02,453.42,39.68,121.81,0.3840,-1,-1,-1
21,10,1252.94,439.35,35.44,101.99,0.3351,-1,-1,-1
22,1,1463.03,411.91,230.44,405.75,0.5296,-1,-1,-1
22,2,584.77,444.12,103.21,269.12,0.7777,-1,-1,-1
22,3,454.15,447.21,112.81,280.36,0.5988,-1,-1,-1
22,4,1627.27,436.60,152.29,364.48,0.7015,-1,-1,-1
22,5,723.11,458.52,42.82,114.78,0.3667,-1,-1,-1
22,10,1253.71,438.02,40.11,107.26,0.3680,-1,-1,-1
23,1,1469.31,411.60,201.04,395.12,0.4805,-1,-1,-1
23,2,583.90,443.84,105.30,269.02,0.7759,-1,-1,-1
23,3,461.34,446.37,109.95,281.48,0.6875,-1,-1,-1
23,4,1633.96,427.11,131.96,374.41,0.6267,-1,-1,-1
23,5,720.66,463.84,46.59,107.12,0.3625,-1,-1,-1
23,10,1251.89,440.20,38.49,103.29,0.3386,-1,-1,-1
24,1,1476.80,408.06,215.97,408.43,0.7030,-1,-1,-1
24,2,584.38,443.83,105.42,268.56,0.7548,-1,-1,-1
24,3,466.98,445.37,109.41,284.98,0.6836,-1,-1,-1
24,4,1644.15,421.25,123.11,378.27,0.6253,-1,-1,-1
24,5,721.18,461.90,48.42,107.92,0.4308,-1,-1,-1
25,1,1485.01,406.78,216.62,411.67,0.6348,-1,-1,-1
25,2,585.08,443.72,105.17,268.73,0.7430,-1,-1,-1
25,3,467.30,444.77,111.17,288.26,0.6333,-1,-1,-1
25,4,1655.84,417.19,122.31,384.66,0.6677,-1,-1,-1
25,5,720.09,462.87,49.38,104.74,0.4016,-1,-1,-1
26,1,1493.76,408.64,232.83,411.22,0.5970,-1,-1,-1
26,2,586.22,444.08,103.15,268.69,0.7238,-1,-1,-1
26,3,467.95,442.04,112.29,293.44,0.6586,-1,-1,-1
26,4,1662.63,419.53,115.18,381.92,0.6618,-1,-1,-1
26,5,719.82,463.31,50.28,104.24,0.4402,-1,-1,-1
26,11,497.62,465.82,82.40,256.56,0.3485,-1,-1,-1
27,1,1508.75,410.36,223.82,411.75,0.5632,-1,-1,-1
27,2,587.88,443.58,100.80,269.91,0.7290,-1,-1,-1
27,3,469.25,443.51,112.16,290.47,0.6226,-1,-1,-1
27,4,1674.26,414.34,112.45,384.15,0.6655,-1,-1,-1
27,5,720.34,458.62,46.80,108.99,0.3559,-1,-1,-1
27,11,503.91,460.97,78.37,249.73,0.3789,-1,-1,-1
28,1,1528.77,405.00,191.41,422.95,0.5830,-1,-1,-1
28,2,591.52,443.41,98.45,270.64,0.7387,-1,-1,-1
28,3,471.76,442.00,110.93,292.65,0.6030,-1,-1,-1
28,4,1682.88,411.12,114.25,385.21,0.6566,-1,-1,-1
28,5,720.53,460.54,48.59,107.79,0.3628,-1,-1,-1
28,11,506.45,451.70,76.59,254.96,0.3061,-1,-1,-1
29,1,1547.16,396.66,170.85,432.71,0.7036,-1,-1,-1
29,2,593.72,443.54,97.29,270.65,0.7305,-1,-1,-1
29,3,474.25,442.07,110.08,292.08,0.5853,-1,-1,-1
29,4,1684.70,418.81,128.16,381.57,0.7144,-1,-1,-1
29,5,720.74,460.40,50.10,110.77,0.3503,-1,-1,-1
29,11,507.06,449.13,77.45,255.94,0.3578,-1,-1,-1
29,12,1426.90,436.15,54.44,121.99,0.5399,-1,-1,-1
30,1,1573.87,391.94,153.01,437.37,0.7467,-1,-1,-1
30,2,595.20,443.49,97.13,271.23,0.7479,-1,-1,-1
30,3,476.45,442.17,109.46,292.13,0.6444,-1,-1,-1
30,4,1680.16,426.37,152.84,374.56,0.6397,-1,-1,-1
30,5,721.84,458.70,46.66,113.90,0.3648,-1,-1,-1
30,11,504.72,448.60,81.39,258.63,0.3127,-1,-1,-1
30,12,1432.21,433.20,49.29,124.55,0.5942,-1,-1,-1
31,1,1593.74,390.70,157.89,437.64,0.7353,-1,-1,-1
31,2,597.91,443.19,95.56,272.12,0.7511,-1,-1,-1
31,3,477.02,443.17,111.11,288.63,0.6511,-1,-1,-1
31,4,1694.76,418.87,182.59,387.23,0.6599,-1,-1,-1
31,5,721.70,457.58,45.02,117.79,0.4385,-1,-1,-1
31,11,485.28,444.24,102.84,278.38,0.6511,-1,-1,-1
31,12,1440.83,430.32,43.42,127.31,0.5751,-1,-1,-1
32,1,1605.69,393.87,164.19,441.35,0.7909,-1,-1,-1
32,2,599.78,443.08,94.94,272.77,0.7619,-1,-1,-1
32,3,478.55,444.27,110.59,288.64,0.6380,-1,-1,-1
32,4,1715.50,417.86,184.88,389.61,0.7325,-1,-1,-1
32,5,721.25,458.69,43.04,119.27,0.4237,-1,-1,-1
32,11,479.76,443.48,109.31,286.72,0.6380,-1,-1,-1
32,12,1446.78,430.69,39.99,126.59,0.5304,-1,-1,-1
33,1,1611.82,394.27,172.30,450.33,0.8077,-1,-1,-1
33,2,601.20,443.89,94.72,271.68,0.7666,-1,-1,-1
33,3,479.58,444.09,110.01,292.81,0.7036,-1,-1,-1
33,4,1730.93,414.38,185.28,396.80,0.6489,-1,-1,-1
33,5,720.11,458.83,42.59,119.02,0.3715,-1,-1,-1
33,11,478.08,442.77,111.44,293.89,0.7036,-1,-1,-1
33,12,1450.70,431.13,39.22,126.25,0.5779,-1,-1,-1
33,14,1079.69,451.70,54.15,144.18,0.3797,-1,-1,-1
34,1,1615.52,394.33,182.86,448.30,0.8033,-1,-1,-1
34,2,604.26,443.48,91.99,271.87,0.7622,-1,-1,-1
34,3,479.56,443.99,110.43,298.45,0.7295,-1,-1,-1
34,4,1742.41,447.13,181.08,368.96,0.3172,-1,-1,-1
34,5,718.15,457.16,42.41,120.64,0.3647,-1,-1,-1
34,11,477.25,442.60,112.66,300.51,0.7295,-1,-1,-1
34,12,1454.58,430.85,39.41,126.58,0.6021,-1,-1,-1
35,1,1621.31,393.20,195.08,454.29,0.8494,-1,-1,-1
35,2,605.52,443.93,91.43,271.21,0.7727,-1,-1,-1
35,3,478.69,443.91,111.24,300.11,0.7405,-1,-1,-1
35,4,1758.35,431.26,166.06,394.44,0.4109,-1,-1,-1
35,5,718.63,458.40,41.21,119.44,0.3464,-1,-1,-1
35,11,476.27,442.59,113.58,302.37,0.7405,-1,-1,-1
35,12,1456.47,431.75,38.93,124.95,0.5704,-1,-1,-1
36,1,1628.30,394.71,212.21,466.08,0.8186,-1,-1,-1
36,2,607.03,444.21,90.33,270.68,0.7727,-1,-1,-1
36,3,477.46,443.97,112.66,302.03,0.7073,-1,-1,-1
36,4,1765.60,420.15,158.18,403.16,0.5498,-1,-1,-1
36,5,716.56,457.07,42.74,120.04,0.3124,-1,-1,-1
36,11,475.19,442.79,114.88,304.17,0.7073,-1,-1,-1
36,12,1457.54,432.71,40.96,124.79,0.5763,-1,-1,-1
37,1,1633.37,396.54,243.25,471.69,0.7919,-1,-1,-1
37,2,608.48,444.78,89.96,270.11,0.7701,-1,-1,-1
37,3,477.36,444.49,112.64,296.97,0.6661,-1,-1,-1
37,4,1774.42,419.99,148.97,401.81,0.6041,-1,-1,-1
37,5,716.57,454.61,42.84,122.94,0.3143,-1,-1,-1
37,11,475.27,443.45,114.68,298.92,0.6661,-1,-1,-1
37,12,1460.98,433.12,42.18,125.31,0.5473,-1,-1,-1
38,1,1634.49,400.63,252.99,473.66,0.8537,-1,-1,-1
38,2,608.97,444.23,90.34,271.03,0.7670,-1,-1,-1
38,3,477.56,444.70,113.93,291.40,0.6848,-1,-1,-1
38,5,713.76,453.17,44.80,128.50,0.3084,-1,-1,-1
38,11,475.68,443.79,115.74,293.10,0.6848,-1,-1,-1
38,12,1463.03,432.29,43.44,126.02,0.6036,-1,-1,-1
39,1,1635.19,403.10,261.76,473.21,0.8708,-1,-1,-1
39,2,609.25,443.39,91.74,272.12,0.7798,-1,-1,-1
39,3,478.03,444.56,114.29,293.43,0.7065,-1,-1,-1
39,11,476.35,443.78,115.92,294.89,0.7065,-1,-1,-1
39,12,1464.37,431.91,44.96,125.77,0.5842,-1,-1,-1
39,10,1256.22,430.83,40.57,114.76,0.4197,-1,-1,-1
39,4,1808.70,428.34,113.87,380.50,0.5196,-1,-1,-1
40,1,1635.38,404.10,270.58,474.27,0.8623,-1,-1,-1
40,2,610.00,443.65,91.69,272.30,0.7745,-1,-1,-1
40,3,477.32,445.54,116.27,295.01,0.6819,-1,-1,-1
40,11,475.84,444.85,117.69,296.30,0.6819,-1,-1,-1
40,12,1466.11,432.82,46.66,124.12,0.5641,-1,-1,-1
40,10,1256.33,431.43,39.34,114.28,0.4412,-1,-1,-1
40,4,1819.05,424.55,102.94,386.57,0.5961,-1,-1,-1
41,1,1639.29,401.83,280.40,482.12,0.8655,-1,-1,-1
41,2,612.04,443.59,91.77,272.68,0.7916,-1,-1,-1
41,3,478.71,446.88,114.48,295.04,0.6836,-1,-1,-1
41,11,477.37,446.27,115.78,296.17,0.6836,-1,-1,-1
41,12,1466.20,433.99,50.20,121.72,0.5075,-1,-1,-1
41,10,1256.49,430.66,39.69,115.12,0.4799,-1,-1,-1
41,4,1831.24,405.56,90.54,409.38,0.6854,-1,-1,-1
42,1,1644.55,401.31,276.92,480.70,0.8417,-1,-1,-1
42,2,613.67,443.01,90.64,272.30,0.7989,-1,-1,-1
42,3,476.18,447.36,117.36,300.97,0.6607,-1,-1,-1
42,11,475.04,446.83,118.47,301.97,0.6607,-1,-1,-1
42,12,1467.84,434.50,50.70,121.07,0.5558,-1,-1,-1
42,10,1256.55,430.08,40.34,115.63,0.4901,-1,-1,-1
42,4,1841.98,395.53,79.28,421.67,0.6497,-1,-1,-1
43,1,1653.74,402.90,269.17,480.90,0.8501,-1,-1,-1
43,2,615.28,443.34,89.95,271.82,0.7886,-1,-1,-1
43,3,470.12,446.10,121.83,306.42,0.6241,-1,-1,-1
43,11,469.12,445.63,122.81,307.31,0.6241,-1,-1,-1
43,12,1469.62,433.55,51.57,121.75,0.5799,-1,-1,-1
43,10,1256.82,427.30,41.76,118.21,0.4712,-1,-1,-1
43,4,1852.09,393.91,68.70,424.99,0.5920,-1,-1,-1
44,1,1664.85,396.13,255.66,485.23,0.8458,-1,-1,-1
44,2,615.60,443.57,90.58,271.40,0.7992,-1,-1,-1
44,3,468.98,446.13,123.76,312.17,0.6486,-1,-1,-1
44,11,468.06,445.71,124.66,312.97,0.6486,-1,-1,-1
44,12,1472.62,434.90,50.10,120.66,0.5326,-1,-1,-1
44,10,1256.84,426.84,41.80,118.78,0.4573,-1,-1,-1
44,4,1863.61,410.56,56.73,404.93,0.4901,-1,-1,-1
44,14,1082.67,450.12,49.81,148.27,0.3550,-1,-1,-1
45,1,1684.65,394.14,232.47,485.24,0.7946,-1,-1,-1
45,2,616.58,443.11,90.95,271.52,0.7777,-1,-1,-1
45,3,468.01,444.23,123.65,314.77,0.6357,-1,-1,-1
45,11,467.18,443.86,124.46,315.48,0.6357,-1,-1,-1
45,12,1477.78,433.99,44.44,121.28,0.4938,-1,-1,-1
45,10,1257.52,426.01,41.96,119.52,0.4573,-1,-1,-1
45,4,1870.44,420.66,49.58,394.37,0.3503,-1,-1,-1
45,14,1081.67,449.39,50.73,148.88,0.3824,-1,-1,-1
45,5,699.20,454.47,55.76,201.82,0.3503,-1,-1,-1
46,1,1708.35,392.26,211.88,487.44,0.6319,-1,-1,-1
46,2,617.21,442.38,93.08,272.39,0.7591,-1,-1,-1
46,3,466.42,444.78,125.94,318.03,0.6338,-1,-1,-1
46,11,465.69,444.45,126.64,318.66,0.6338,-1,-1,-1
46,12,1483.51,434.98,37.76,119.87,0.5208,-1,-1,-1
46,10,1258.17,424.33,42.12,121.24,0.4613,-1,-1,-1
46,4,1877.80,402.28,42.05,427.32,0.3963,-1,-1,-1
46,14,1081.53,448.99,50.48,148.25,0.3022,-1,-1,-1
47,1,1757.64,387.15,162.09,493.69,0.7059,-1,-1,-1
47,2,617.18,441.74,93.11,272.75,0.7759,-1,-1,-1
47,3,464.74,444.44,127.61,320.13,0.6297,-1,-1,-1
47,11,464.09,444.15,128.25,320.70,0.6297,-1,-1,-1
47,12,1488.22,432.57,34.34,120.72,0.5143,-1,-1,-1
47,10,1258.60,424.05,42.84,121.22,0.4921,-1,-1,-1
47,5,696.66,456.04,57.04,206.01,0.5477,-1,-1,-1
48,1,1775.44,386.08,145.09,492.03,0.7899,-1,-1,-1
48,2,618.44,441.27,93.55,272.59,0.7453,-1,-1,-1
48,3,468.21,443.93,123.53,319.41,0.6478,-1,-1,-1
48,11,467.61,443.66,124.11,319.91,0.6478,-1,-1,-1
48,10,1259.02,426.05,41.33,119.11,0.4474,-1,-1,-1
48,5,697.54,455.10,60.74,207.31,0.3822,-1,-1,-1
49,1,1795.74,385.23,125.41,492.86,0.8007,-1,-1,-1
49,2,619.10,441.23,94.11,272.06,0.7551,-1,-1,-1
49,3,470.62,444.22,120.58,318.47,0.6377,-1,-1,-1
49,11,470.10,443.99,121.09,318.91,0.6377,-1,-1,-1
49,10,1259.23,431.86,40.68,114.63,0.4593,-1,-1,-1
49,5,697.94,456.00,62.77,207.16,0.4384,-1,-1,-1
50,1,1810.34,385.17,111.09,496.60,0.8414,-1,-1,-1
50,2,618.53,441.52,97.64,272.23,0.7557,-1,-1,-1
50,3,465.83,443.77,124.15,317.09,0.6202,-1,-1,-1
50,11,465.39,443.57,124.57,317.48,0.6202,-1,-1,-1
50,10,1259.56,436.35,39.45,110.61,0.4423,-1,-1,-1
50,5,701.08,453.60,63.68,209.85,0.3771,-1,-1,-1
50,12,1498.64,436.40,38.47,119.45,0.3530,-1,-1,-1
51,1,1818.86,383.91,101.65,498.79,0.8291,-1,-1,-1
51,2,618.72,441.45,99.41,272.33,0.7625,-1,-1,-1
51,3,455.85,443.46,133.73,315.51,0.6074,-1,-1,-1
51,11,455.47,443.28,134.10,315.86,0.6074,-1,-1,-1
51,10,1259.69,435.55,39.39,111.52,0.4812,-1,-1,-1
51,5,701.50,457.35,65.54,206.46,0.3362,-1,-1,-1
51,15,582.19,439.58,50.09,145.34,0.3439,-1,-1,-1
51,12,1500.66,438.00,41.44,117.00,0.4200,-1,-1,-1
52,1,1826.97,385.10,92.96,495.76,0.8109,-1,-1,-1
52,2,619.73,442.30,99.16,271.63,0.7491,-1,-1,-1
52,3,463.40,444.45,127.29,315.21,0.6583,-1,-1,-1
52,11,463.02,444.29,127.65,315.51,0.6583,-1,-1,-1
52,10,1259.64,433.38,38.60,112.78,0.4705,-1,-1,-1
52,5,701.55,457.66,68.21,206.21,0.3014,-1,-1,-1
52,15,587.32,444.02,46.72,140.41,0.3522,-1,-1,-1
52,12,1501.68,437.23,45.04,118.10,0.4076,-1,-1,-1
52,14,1080.31,452.44,52.28,142.80,0.3608,-1,-1,-1
53,1,1829.21,383.94,90.76,499.88,0.7787,-1,-1,-1
53,2,620.79,443.18,97.42,270.47,0.7479,-1,-1,-1
53,3,463.72,445.79,127.60,313.03,0.6521,-1,-1,-1
53,11,463.40,445.65,127.91,313.30,0.6521,-1,-1,-1
53,10,1259.49,431.30,40.03,114.69,0.5284,-1,-1,-1
53,5,696.23,456.26,69.77,206.82,0.4763,-1,-1,-1
53,15,590.65,448.72,44.49,135.72,0.3016,-1,-1,-1
53,12,1501.39,434.58,50.42,120.49,0.3675,-1,-1,-1
53,16,1523.70,434.39,37.14,117.81,0.3648,-1,-1,-1
54,1,1825.91,388.62,94.43,497.79,0.7337,-1,-1,-1
54,2,622.84,442.76,96.52,271.81,0.7377,-1,-1,-1
54,3,466.58,445.91,125.36,313.96,0.6934,-1,-1,-1
54,11,466.29,445.78,125.64,314.19,0.6934,-1,-1,-1
54,10,1259.46,430.64,40.12,114.98,0.5063,-1,-1,-1
54,5,694.20,454.45,76.89,208.32,0.3682,-1,-1,-1
54,16,1526.67,441.33,35.48,111.83,0.4731,-1,-1,-1
55,1,1825.73,411.23,94.73,476.45,0.7186,-1,-1,-1
55,2,623.55,442.21,93.62,272.69,0.7448,-1,-1,-1
55,3,469.25,445.30,122.22,315.01,0.7045,-1,-1,-1
55,11,469.00,445.19,122.46,315.22,0.7045,-1,-1,-1
55,10,1259.63,429.83,40.22,116.02,0.5005,-1,-1,-1
55,5,693.12,455.98,76.29,207.07,0.3818,-1,-1,-1
55,16,1529.57,438.31,36.59,114.43,0.4749,-1,-1,-1
55,15,587.10,449.23,47.98,135.05,0.3505,-1,-1,-1
56,1,1827.26,429.18,92.76,458.43,0.5919,-1,-1,-1
56,2,623.82,441.67,92.80,273.32,0.7329,-1,-1,-1
56,3,471.56,445.43,119.84,314.41,0.7116,-1,-1,-1
56,11,471.34,445.33,120.05,314.59,0.7116,-1,-1,-1
56,10,1259.89,427.30,40.45,118.27,0.5103,-1,-1,-1
56,5,694.39,456.42,70.76,206.40,0.4708,-1,-1,-1
56,16,1531.63,441.43,35.08,111.09,0.4985,-1,-1,-1
56,15,585.42,446.65,49.88,137.51,0.3661,-1,-1,-1
57,1,1829.65,407.86,90.18,479.64,0.3788,-1,-1,-1
57,2,623.92,442.32,91.25,272.95,0.7314,-1,-1,-1
57,3,470.92,446.69,120.90,313.11,0.6682,-1,-1,-1
57,11,470.73,446.60,121.07,313.27,0.6682,-1,-1,-1
57,10,1260.18,430.64,39.94,114.58,0.5175,-1,-1,-1
57,5,694.49,456.22,69.74,208.69,0.5811,-1,-1,-1
57,16,1533.47,438.58,35.21,113.53,0.4886,-1,-1,-1
57,15,583.69,442.66,49.34,142.50,0.4223,-1,-1,-1
58,1,1831.36,429.65,88.44,457.37,0.3319,-1,-1,-1
58,2,625.52,443.35,92.58,271.82,0.7337,-1,-1,-1
58,3,473.17,445.78,119.31,312.57,0.6648,-1,-1,-1
58,11,473.01,445.71,119.47,312.71,0.6648,-1,-1,-1
58,10,1260.53,432.26,40.40,113.08,0.5224,-1,-1,-1
58,16,1534.25,436.35,34.09,115.84,0.4184,-1,-1,-1
58,15,582.83,445.55,48.73,139.88,0.3945,-1,-1,-1
59,2,626.32,443.04,92.63,271.96,0.7172,-1,-1,-1
59,3,474.55,443.96,119.50,315.66,0.7116,-1,-1,-1
59,11,474.41,443.90,119.64,315.78,0.7116,-1,-1,-1
59,10,1260.29,432.66,42.16,112.60,0.5377,-1,-1,-1
59,16,1536.75,434.72,32.92,118.28,0.3591,-1,-1,-1
59,15,583.57,448.13,49.47,136.31,0.3648,-1,-1,-1
59,5,696.48,459.34,69.53,211.27,0.4736,-1,-1,-1
60,2,625.85,443.15,92.92,274.04,0.7132,-1,-1,-1
60,3,473.55,442.16,125.07,318.32,0.7233,-1,-1,-1
60,11,473.43,442.11,125.19,318.42,0.7233,-1,-1,-1
60,10,1260.02,434.46,42.35,111.30,0.5482,-1,-1,-1
60,15,583.81,449.93,50.16,134.30,0.3243,-1,-1,-1
60,5,697.57,457.01,68.70,214.91,0.5750,-1,-1,-1
61,2,624.95,443.63,93.54,276.42,0.7075,-1,-1,-1
61,3,473.76,443.16,131.56,316.80,0.6856,-1,-1,-1
61,11,473.65,443.11,131.66,316.90,0.6856,-1,-1,-1
61,10,1259.65,430.02,42.53,115.76,0.5334,-1,-1,-1
61,5,698.92,456.48,67.91,216.34,0.5448,-1,-1,-1
62,2,624.19,444.48,91.65,275.76,0.7224,-1,-1,-1
62,3,478.16,442.92,134.79,318.20,0.7249,-1,-1,-1
62,11,478.05,442.88,134.88,318.28,0.7249,-1,-1,-1
62,10,1259.49,430.27,41.41,115.20,0.5512,-1,-1,-1
62,5,698.95,455.01,67.33,218.24,0.6201,-1,-1,-1
63,2,621.51,444.01,92.99,278.97,0.7393,-1,-1,-1
63,3,479.17,441.15,138.14,319.68,0.7251,-1,-1,-1
63,11,479.08,441.11,138.23,319.76,0.7251,-1,-1,-1
63,10,1259.60,431.10,40.68,113.88,0.5324,-1,-1,-1
63,5,697.47,457.66,69.01,215.25,0.6620,-1,-1,-1
64,2,619.78,444.22,93.21,278.78,0.7432,-1,-1,-1
64,3,483.02,441.85,139.04,318.90,0.7205,-1,-1,-1
64,11,482.94,441.81,139.12,318.96,0.7205,-1,-1,-1
64,10,1259.41,433.21,40.23,111.15,0.5248,-1,-1,-1
64,5,697.08,453.89,69.37,219.88,0.6377,-1,-1,-1
65,2,619.34,446.48,92.61,277.11,0.7429,-1,-1,-1
65,3,491.98,444.44,134.72,316.95,0.7891,-1,-1,-1
65,11,491.91,444.41,134.79,317.01,0.7891,-1,-1,-1
65,10,1259.15,437.35,40.21,107.16,0.5287,-1,-1,-1
65,5,696.31,451.19,69.09,224.63,0.6806,-1,-1,-1
66,2,620.12,447.69,91.34,276.19,0.7595,-1,-1,-1
66,3,494.99,446.53,138.34,317.04,0.7284,-1,-1,-1
66,11,494.93,446.50,138.40,317.09,0.7284,-1,-1,-1
66,10,1259.00,438.89,40.35,105.76,0.5299,-1,-1,-1
66,5,697.56,452.68,68.93,223.61,0.6783,-1,-1,-1
67,2,619.43,447.43,92.22,275.49,0.7469,-1,-1,-1
67,3,490.02,447.16,146.48,320.74,0.6449,-1,-1,-1
67,11,489.96,447.14,146.53,320.78,0.6449,-1,-1,-1
67,10,1259.86,440.93,39.05,103.44,0.5143,-1,-1,-1
67,5,698.09,453.52,70.47,223.78,0.6747,-1,-1,-1
67,12,1542.74,422.40,41.04,128.77,0.4049,-1,-1,-1
68,2,617.05,446.69,95.11,275.46,0.7347,-1,-1,-1
68,3,488.56,448.52,150.62,318.49,0.6441,-1,-1,-1
68,11,488.51,448.50,150.67,318.54,0.6441,-1,-1,-1
68,10,1259.97,437.56,39.28,106.98,0.4908,-1,-1,-1
68,5,699.36,455.08,70.95,221.36,0.6769,-1,-1,-1
68,12,1544.34,427.81,39.79,123.64,0.3741,-1,-1,-1
69,2,614.97,446.89,96.94,275.26,0.7571,-1,-1,-1
69,3,488.85,446.92,153.42,320.45,0.6178,-1,-1,-1
69,11,488.80,446.90,153.47,320.49,0.6178,-1,-1,-1
69,10,1259.93,437.16,39.18,107.27,0.5127,-1,-1,-1
69,5,698.23,456.22,72.14,221.02,0.6660,-1,-1,-1
69,12,1543.30,422.64,42.61,129.05,0.4737,-1,-1,-1
70,2,612.12,446.19,99.57,275.17,0.7602,-1,-1,-1
70,3,491.58,444.32,150.57,322.10,0.7277,-1,-1,-1
70,11,491.53,444.30,150.61,322.13,0.7277,-1,-1,-1
70,10,1259.75,437.75,39.14,106.70,0.5124,-1,-1,-1
70,5,698.29,457.46,71.89,220.37,0.6304,-1,-1,-1
70,12,1543.39,420.64,45.17,131.70,0.5866,-1,-1,-1
71,2,611.14,445.77,100.02,276.06,0.7686,-1,-1,-1
71,3,495.97,443.37,147.40,323.61,0.7339,-1,-1,-1
71,11,495.94,443.35,147.44,323.63,0.7339,-1,-1,-1
71,10,1259.66,437.38,39.20,107.10,0.5172,-1,-1,-1
71,5,698.58,458.68,69.39,219.94,0.5866,-1,-1,-1
71,12,1543.22,420.38,46.72,132.32,0.5760,-1,-1,-1
72,2,611.82,444.80,98.37,277.15,0.7655,-1,-1,-1
72,3,498.22,443.79,145.66,323.44,0.7412,-1,-1,-1
72,11,498.19,443.78,145.69,323.46,0.7412,-1,-1,-1
72,10,1259.68,432.16,39.94,112.30,0.5145,-1,-1,-1
72,5,698.96,458.64,70.13,220.96,0.5837,-1,-1,-1
72,12,1543.37,420.38,46.30,132.19,0.5699,-1,-1,-1
73,2,614.26,443.90,96.32,278.02,0.7676,-1,-1,-1
73,3,501.96,444.43,142.07,323.50,0.7758,-1,-1,-1
73,11,501.94,444.42,142.10,323.52,0.7758,-1,-1,-1
73,10,1259.79,431.26,40.22,112.97,0.5074,-1,-1,-1
73,5,700.11,458.60,70.75,220.47,0.5996,-1,-1,-1
73,12,1545.52,419.36,44.53,132.80,0.5323,-1,-1,-1
74,2,617.63,442.87,92.88,280.10,0.7757,-1,-1,-1
74,3,506.02,444.18,139.96,326.28,0.7379,-1,-1,-1
74,11,505.99,444.17,139.99,326.30,0.7379,-1,-1,-1
74,10,1260.19,429.06,40.49,115.48,0.5172,-1,-1,-1
74,5,701.55,455.97,74.69,222.08,0.5739,-1,-1,-1
75,2,619.65,441.01,89.43,282.44,0.7706,-1,-1,-1
75,3,507.13,442.68,138.94,326.33,0.7339,-1,-1,-1
75,11,507.10,442.67,138.96,326.35,0.7339,-1,-1,-1
75,10,1259.72,428.35,40.93,116.70,0.5276,-1,-1,-1
75,5,702.31,455.07,75.82,221.74,0.6329,-1,-1,-1
76,2,621.74,441.36,87.20,282.09,0.7708,-1,-1,-1
76,3,512.38,445.34,132.24,321.82,0.7659,-1,-1,-1
76,11,512.36,445.33,132.26,321.83,0.7659,-1,-1,-1
76,10,1259.79,427.84,41.24,117.03,0.5213,-1,-1,-1
76,5,702.42,452.17,79.22,224.51,0.6644,-1,-1,-1
77,2,622.52,441.09,85.27,283.85,0.7672,-1,-1,-1
77,3,517.38,446.54,127.08,320.32,0.7638,-1,-1,-1
77,11,517.36,446.53,127.09,320.34,0.7638,-1,-1,-1
77,10,1259.86,427.64,41.27,117.12,0.5267,-1,-1,-1
77,5,701.74,448.41,82.83,228.21,0.6311,-1,-1,-1
78,2,626.62,441.40,81.59,281.91,0.7763,-1,-1,-1
78,3,517.08,445.69,126.85,321.60,0.7205,-1,-1,-1
78,11,517.07,445.68,126.86,321.61,0.7205,-1,-1,-1
78,10,1260.76,438.59,40.01,105.75,0.4773,-1,-1,-1
78,5,702.40,451.46,86.08,225.76,0.6610,-1,-1,-1
79,2,629.16,440.62,78.93,282.34,0.7683,-1,-1,-1
79,3,515.96,446.08,127.37,322.47,0.5523,-1,-1,-1
79,11,548.60,447.45,99.94,318.70,0.4502,-1,-1,-1
79,10,1260.91,438.89,40.43,105.45,0.4630,-1,-1,-1
79,5,703.84,455.70,90.89,221.37,0.6625,-1,-1,-1
80,2,630.26,439.70,79.26,283.79,0.7412,-1,-1,-1
80,3,511.58,445.78,133.45,324.72,0.5070,-1,-1,-1
80,11,553.16,448.51,98.30,318.77,0.3769,-1,-1,-1
80,10,1260.94,437.29,40.92,107.09,0.4883,-1,-1,-1
80,5,706.25,457.60,95.14,219.96,0.7267,-1,-1,-1
81,2,631.53,437.30,80.46,287.73,0.7146,-1,-1,-1
81,3,508.44,445.57,137.90,327.69,0.4905,-1,-1,-1
81,11,551.22,448.55,96.21,324.79,0.4597,-1,-1,-1
81,10,1260.96,435.43,41.15,108.90,0.4970,-1,-1,-1
81,5,707.64,458.34,98.53,220.16,0.7116,-1,-1,-1
82,2,632.56,438.59,79.73,288.26,0.6814,-1,-1,-1
82,3,503.91,448.72,114.31,310.69,0.4511,-1,-1,-1
82,11,557.16,448.01,89.58,329.99,0.5208,-1,-1,-1
82,10,1261.14,438.48,40.73,106.14,0.5000,-1,-1,-1
82,5,708.35,458.64,103.43,220.45,0.7306,-1,-1,-1
82,19,487.99,447.85,51.66,132.07,0.3795,-1,-1,-1
83,2,633.57,440.39,80.34,288.26,0.6484,-1,-1,-1
83,3,502.56,450.40,103.68,305.01,0.5310,-1,-1,-1
83,11,563.41,445.61,83.58,334.81,0.4476,-1,-1,-1
83,10,1261.63,435.34,41.29,109.52,0.4573,-1,-1,-1
83,5,710.44,458.33,104.88,222.09,0.7128,-1,-1,-1
83,19,489.40,448.19,50.06,128.01,0.3089,-1,-1,-1
84,2,633.18,441.89,85.25,288.33,0.5866,-1,-1,-1
84,3,505.79,451.26,95.97,294.47,0.4673,-1,-1,-1
84,11,566.46,443.19,82.34,338.61,0.5377,-1,-1,-1
84,10,1262.21,435.63,40.62,109.42,0.4270,-1,-1,-1
84,5,711.68,460.03,107.74,221.10,0.7028,-1,-1,-1
84,19,487.99,448.59,50.69,131.28,0.3263,-1,-1,-1
85,2,632.66,443.58,86.72,288.13,0.5711,-1,-1,-1
85,3,509.14,451.89,92.97,298.54,0.4013,-1,-1,-1
85,11,559.96,439.73,88.91,344.95,0.4759,-1,-1,-1
85,10,1262.99,439.07,39.82,105.79,0.3931,-1,-1,-1
85,5,716.60,458.79,104.44,223.56,0.7238,-1,-1,-1
85,19,487.18,448.17,52.62,133.36,0.3928,-1,-1,-1
86,2,632.60,444.10,91.46,288.49,0.5456,-1,-1,-1
86,3,513.84,452.41,91.19,302.75,0.4522,-1,-1,-1
86,11,554.95,440.47,91.19,343.87,0.3968,-1,-1,-1
86,10,1263.41,440.09,39.37,104.49,0.4200,-1,-1,-1
86,5,719.31,457.31,102.12,225.26,0.7347,-1,-1,-1
86,19,488.18,448.95,52.46,134.86,0.4018,-1,-1,-1
87,2,634.32,443.81,90.25,288.58,0.5310,-1,-1,-1
87,3,514.49,452.67,92.59,306.13,0.4478,-1,-1,-1
87,11,551.90,440.89,94.89,343.38,0.4050,-1,-1,-1
87,10,1262.87,434.45,39.51,109.69,0.4075,-1,-1,-1
87,5,720.38,456.41,101.68,225.40,0.7198,-1,-1,-1
87,19,488.19,450.57,51.07,134.11,0.3494,-1,-1,-1
88,2,635.99,446.11,93.08,286.61,0.5827,-1,-1,-1
88,3,514.10,451.69,93.76,306.94,0.4861,-1,-1,-1
88,11,554.85,441.05,94.04,342.78,0.4498,-1,-1,-1
88,10,1262.75,431.51,40.03,112.60,0.4245,-1,-1,-1
88,5,723.19,454.37,99.34,227.65,0.6862,-1,-1,-1
88,21,590.12,449.49,72.91,280.67,0.3929,-1,-1,-1
89,2,638.41,448.72,93.68,284.53,0.5881,-1,-1,-1
89,3,511.16,450.86,94.91,306.19,0.5514,-1,-1,-1
89,11,562.70,443.15,86.72,340.08,0.4145,-1,-1,-1
89,10,1262.59,431.22,40.58,113.22,0.4326,-1,-1,-1
89,5,724.60,452.12,99.00,230.13,0.7351,-1,-1,-1
89,21,588.73,450.15,74.03,280.23,0.4552,-1,-1,-1
90,2,641.67,446.61,90.65,286.19,0.6022,-1,-1,-1
90,3,514.13,449.55,94.98,305.47,0.5634,-1,-1,-1
90,11,563.91,440.30,85.46,343.63,0.3946,-1,-1,-1
90,10,1262.19,434.58,40.88,109.66,0.4309,-1,-1,-1
90,5,728.11,451.75,96.22,230.63,0.7265,-1,-1,-1
90,21,591.11,449.27,72.76,281.11,0.4331,-1,-1,-1
91,2,643.62,443.27,91.75,290.68,0.6814,-1,-1,-1
91,3,513.19,449.38,96.54,300.44,0.6319,-1,-1,-1
91,11,572.12,444.67,79.19,341.12,0.4092,-1,-1,-1
91,10,1261.69,437.00,39.07,108.43,0.3939,-1,-1,-1
91,5,731.61,453.41,93.21,229.03,0.6912,-1,-1,-1
91,21,584.65,447.06,79.90,284.33,0.5621,-1,-1,-1
91,14,1074.15,462.95,57.07,132.35,0.3910,-1,-1,-1
92,2,642.76,439.52,94.53,294.93,0.6772,-1,-1,-1
92,3,511.88,448.42,97.87,301.43,0.6139,-1,-1,-1
92,11,569.75,438.34,80.43,351.85,0.4848,-1,-1,-1
92,10,1260.69,436.65,39.64,108.97,0.4563,-1,-1,-1
92,5,732.83,453.99,93.15,228.16,0.6874,-1,-1,-1
92,21,582.89,445.68,82.02,286.22,0.4986,-1,-1,-1
92,14,1075.90,458.88,55.27,135.51,0.3438,-1,-1,-1
93,2,641.80,438.69,96.54,296.06,0.6733,-1,-1,-1
93,3,511.82,448.05,98.45,302.15,0.6227,-1,-1,-1
93,11,571.28,436.04,78.52,357.60,0.4810,-1,-1,-1
93,10,1260.36,436.12,39.78,109.53,0.4624,-1,-1,-1
93,5,735.28,456.55,91.96,225.24,0.7076,-1,-1,-1
93,21,583.56,445.54,81.38,286.42,0.4922,-1,-1,-1
93,14,1076.65,458.51,54.90,136.23,0.4071,-1,-1,-1
94,2,643.48,439.44,95.08,297.30,0.7237,-1,-1,-1
94,3,515.20,448.57,94.93,302.28,0.5699,-1,-1,-1
94,11,567.76,434.57,81.91,362.39,0.4398,-1,-1,-1
94,10,1260.26,436.95,39.97,108.82,0.4625,-1,-1,-1
94,5,737.89,454.89,91.30,226.84,0.7048,-1,-1,-1
94,21,588.43,446.06,75.94,287.36,0.4786,-1,-1,-1
94,14,1076.26,462.64,54.37,132.22,0.3343,-1,-1,-1
95,2,643.28,439.92,97.43,297.95,0.7413,-1,-1,-1
95,3,513.18,448.36,96.42,301.93,0.5600,-1,-1,-1
95,11,561.79,433.54,87.17,365.62,0.4046,-1,-1,-1
95,10,1258.71,435.92,41.67,110.16,0.5238,-1,-1,-1
95,5,740.10,453.00,90.15,229.69,0.6683,-1,-1,-1
95,21,587.51,446.30,77.16,283.70,0.4523,-1,-1,-1
96,2,642.65,440.90,98.31,297.42,0.7595,-1,-1,-1
96,3,510.41,447.20,97.53,303.35,0.5007,-1,-1,-1
96,11,551.81,438.33,102.35,362.01,0.3816,-1,-1,-1
96,10,1258.15,435.22,41.71,111.18,0.4772,-1,-1,-1
96,5,744.08,454.47,87.68,228.67,0.6825,-1,-1,-1
96,21,587.04,446.37,78.19,280.77,0.4054,-1,-1,-1
97,2,644.28,441.34,98.08,296.87,0.7520,-1,-1,-1
97,3,509.18,446.69,98.64,303.32,0.5032,-1,-1,-1
97,11,536.83,443.99,119.63,350.00,0.3685,-1,-1,-1
97,10,1257.99,433.51,41.37,112.62,0.4491,-1,-1,-1
97,5,747.15,455.77,87.61,229.16,0.6975,-1,-1,-1
97,21,586.09,446.30,78.73,281.00,0.3891,-1,-1,-1
98,2,645.99,442.29,98.76,296.15,0.7792,-1,-1,-1
98,3,506.47,446.58,100.18,304.34,0.5049,-1,-1,-1
98,11,545.60,441.90,117.18,355.84,0.5219,-1,-1,-1
98,10,1257.54,436.69,41.99,109.76,0.5486,-1,-1,-1
98,5,751.01,457.42,87.42,228.58,0.7152,-1,-1,-1
98,21,583.98,445.67,81.49,293.75,0.3297,-1,-1,-1
99,2,647.23,442.59,99.41,295.89,0.7606,-1,-1,-1
99,3,502.22,444.79,104.70,304.83,0.5339,-1,-1,-1
99,11,556.50,442.94,108.85,356.25,0.5669,-1,-1,-1
99,10,1257.78,439.37,41.09,107.14,0.5311,-1,-1,-1
99,5,751.55,456.68,89.06,229.65,0.7761,-1,-1,-1
99,21,570.19,444.08,95.78,335.11,0.5669,-1,-1,-1
100,2,648.29,442.11,100.99,296.91,0.6840,-1,-1,-1
100,3,498.49,441.33,105.04,304.09,0.5654,-1,-1,-1
100,11,545.06,445.10,118.48,348.88,0.3600,-1,-1,-1
100,10,1257.89,441.11,40.50,105.64,0.5535,-1,-1,-1
100,5,753.67,454.53,87.00,231.73,0.7635,-1,-1,-1
100,21,570.17,444.11,97.06,348.79,0.5904,-1,-1,-1
101,2,648.39,442.50,104.23,296.87,0.7108,-1,-1,-1
101,3,496.53,442.33,108.31,305.08,0.5476,-1,-1,-1
101,11,554.39,443.12,113.30,355.83,0.6094,-1,-1,-1
101,10,1257.80,441.73,39.74,105.00,0.5546,-1,-1,-1
101,5,755.11,455.60,85.38,232.14,0.7579,-1,-1,-1
101,21,580.66,444.17,85.66,347.70,0.4163,-1,-1,-1
102,2,650.09,441.89,103.36,294.44,0.7176,-1,-1,-1
102,3,497.18,441.23,104.08,305.30,0.5780,-1,-1,-1
102,11,561.81,443.95,107.27,357.26,0.6214,-1,-1,-1
102,10,1256.91,441.00,37.78,105.93,0.5570,-1,-1,-1
102,5,754.82,456.59,87.60,231.08,0.7433,-1,-1,-1
102,21,570.35,444.12,97.95,356.35,0.6214,-1,-1,-1
103,2,650.95,440.89,105.63,294.54,0.7067,-1,-1,-1
103,3,498.19,443.35,101.11,302.39,0.5501,-1,-1,-1
103,11,565.13,444.29,106.34,357.84,0.5751,-1,-1,-1
103,10,1257.88,442.73,37.27,104.02,0.4840,-1,-1,-1
103,5,754.51,457.07,87.56,228.72,0.7246,-1,-1,-1
103,21,567.30,444.14,103.48,359.57,0.5751,-1,-1,-1
104,2,653.57,440.54,105.54,295.64,0.7207,-1,-1,-1
104,3,498.79,444.75,105.94,305.33,0.3812,-1,-1,-1
104,11,552.43,440.76,120.48,361.68,0.6641,-1,-1,-1
104,10,1256.80,442.55,36.65,104.80,0.4853,-1,-1,-1
104,5,755.41,457.78,87.35,229.44,0.7326,-1,-1,-1
104,21,552.82,440.58,119.54,364.16,0.6641,-1,-1,-1
105,2,655.40,439.97,105.74,297.30,0.7537,-1,-1,-1
105,11,541.46,437.88,132.72,363.51,0.7286,-1,-1,-1
105,10,1256.71,442.86,36.62,104.59,0.4586,-1,-1,-1
105,5,758.62,459.32,85.61,231.73,0.7589,-1,-1,-1
105,21,540.97,437.69,132.72,366.12,0.7286,-1,-1,-1
106,2,656.89,441.24,105.94,295.40,0.7511,-1,-1,-1
106,11,535.89,438.17,139.67,363.53,0.6724,-1,-1,-1
106,10,1255.58,442.40,38.16,105.76,0.4402,-1,-1,-1
106,5,760.08,459.05,85.40,233.69,0.7376,-1,-1,-1
106,21,534.98,437.97,140.14,366.02,0.6724,-1,-1,-1
107,2,658.19,441.22,108.77,295.28,0.7627,-1,-1,-1
107,11,533.98,438.51,143.97,362.77,0.6664,-1,-1,-1
107,10,1255.84,444.75,34.19,101.87,0.3549,-1,-1,-1
107,5,761.84,459.57,85.10,235.26,0.7348,-1,-1,-1
107,21,532.93,438.31,144.61,365.07,0.6664,-1,-1,-1
108,2,659.95,439.29,107.10,296.30,0.7569,-1,-1,-1
108,11,536.91,437.33,143.32,365.98,0.6895,-1,-1,-1
108,5,761.23,455.88,87.32,242.03,0.7147,-1,-1,-1
108,21,535.81,437.16,144.04,368.01,0.6895,-1,-1,-1
109,2,660.83,438.54,108.35,298.21,0.7368,-1,-1,-1
109,11,539.19,437.11,144.45,367.42,0.6967,-1,-1,-1
109,5,762.06,455.29,87.66,243.52,0.6722,-1,-1,-1
109,21,538.15,436.95,145.15,369.24,0.6967,-1,-1,-1
110,2,662.17,437.91,105.46,301.04,0.7534,-1,-1,-1
110,11,540.19,437.82,145.52,367.49,0.6860,-1,-1,-1
110,5,761.22,456.76,88.96,242.56,0.7076,-1,-1,-1
110,21,539.22,437.68,146.18,369.11,0.6860,-1,-1,-1
111,2,662.87,437.86,106.63,305.17,0.7663,-1,-1,-1
111,11,540.32,440.11,148.43,366.94,0.6626,-1,-1,-1
111,5,761.02,455.83,88.89,243.17,0.7134,-1,-1,-1
111,21,539.44,439.97,149.02,368.39,0.6626,-1,-1,-1
111,3,503.00,446.79,92.60,300.46,0.3627,-1,-1,-1
111,10,1247.49,439.96,34.42,105.76,0.4356,-1,-1,-1
112,2,665.54,437.88,105.34,306.70,0.7777,-1,-1,-1
112,11,540.55,437.66,147.93,368.45,0.6822,-1,-1,-1
112,5,761.48,452.87,88.32,246.81,0.7238,-1,-1,-1
112,21,539.74,437.55,148.49,369.72,0.6822,-1,-1,-1
112,10,1244.79,439.50,36.59,106.62,0.4787,-1,-1,-1
113,2,666.89,437.85,105.93,311.95,0.7861,-1,-1,-1
113,11,546.68,436.17,141.43,370.16,0.6970,-1,-1,-1
113,5,763.37,451.71,87.10,247.81,0.7145,-1,-1,-1
113,21,545.93,436.07,141.97,371.28,0.6970,-1,-1,-1
113,10,1244.37,440.21,36.18,105.99,0.4759,-1,-1,-1
113,14,1075.96,441.61,56.93,155.48,0.3533,-1,-1,-1
114,2,668.69,438.89,103.56,314.71,0.7899,-1,-1,-1
114,11,540.39,434.66,148.70,371.56,0.6817,-1,-1,-1
114,5,764.64,453.22,87.54,245.71,0.7038,-1,-1,-1
114,21,569.35,438.87,116.22,363.44,0.3397,-1,-1,-1
114,10,1243.29,440.71,36.53,104.85,0.5743,-1,-1,-1
114,14,1077.45,440.74,56.15,155.74,0.3853,-1,-1,-1
115,2,670.00,438.90,101.56,314.38,0.7876,-1,-1,-1
115,11,557.26,435.61,132.31,370.82,0.6534,-1,-1,-1
115,5,766.54,454.40,88.62,244.52,0.6930,-1,-1,-1
115,21,567.99,437.16,120.24,368.27,0.6534,-1,-1,-1
115,10,1242.08,440.81,36.90,103.38,0.5540,-1,-1,-1
115,14,1080.50,439.74,54.88,155.70,0.3433,-1,-1,-1
116,2,672.38,438.89,98.23,312.43,0.7857,-1,-1,-1
116,11,559.46,435.35,130.13,372.26,0.6312,-1,-1,-1
116,5,767.52,451.97,88.79,247.36,0.6743,-1,-1,-1
116,21,562.97,435.87,126.10,371.78,0.6312,-1,-1,-1
116,10,1240.69,441.18,37.48,102.49,0.5973,-1,-1,-1
116,14,1082.50,441.31,53.22,154.08,0.4029,-1,-1,-1
117,2,672.80,439.90,98.45,311.98,0.7957,-1,-1,-1
117,11,550.07,434.53,139.12,373.05,0.6800,-1,-1,-1
117,5,770.23,452.20,86.84,246.68,0.6473,-1,-1,-1
117,21,551.18,434.67,137.81,373.31,0.6800,-1,-1,-1
117,10,1241.10,441.39,36.11,101.14,0.5698,-1,-1,-1
117,14,1082.68,442.49,52.73,151.99,0.4225,-1,-1,-1
118,2,674.67,440.15,94.94,313.75,0.7995,-1,-1,-1
118,11,543.18,435.19,145.69,376.94,0.6853,-1,-1,-1
118,5,770.02,454.36,83.44,244.88,0.6584,-1,-1,-1
118,21,543.24,435.19,145.53,377.43,0.6853,-1,-1,-1
118,10,1240.86,442.21,35.96,99.90,0.5427,-1,-1,-1
118,14,1082.51,440.79,53.55,154.45,0.4554,-1,-1,-1
119,2,675.27,440.62,94.51,317.94,0.8141,-1,-1,-1
119,11,528.69,439.40,161.78,379.11,0.7319,-1,-1,-1
119,5,769.20,452.50,88.78,245.56,0.7127,-1,-1,-1
119,21,528.44,439.34,161.96,379.65,0.7319,-1,-1,-1
119,10,1239.54,442.85,36.78,98.00,0.5295,-1,-1,-1
119,14,1083.03,443.09,53.17,151.64,0.4186,-1,-1,-1
120,2,677.25,441.33,94.30,319.51,0.8120,-1,-1,-1
120,11,524.09,442.55,167.61,378.72,0.7667,-1,-1,-1
120,5,770.19,451.96,92.05,246.92,0.7124,-1,-1,-1
120,21,523.64,442.48,168.00,379.24,0.7667,-1,-1,-1
120,10,1237.95,442.94,37.39,100.10,0.5371,-1,-1,-1
120,14,1082.70,444.26,52.86,150.55,0.3525,-1,-1,-1
121,2,678.59,441.28,93.81,320.72,0.8157,-1,-1,-1
121,11,521.12,444.61,173.17,378.74,0.7730,-1,-1,-1
121,5,769.01,453.46,98.15,245.84,0.6841,-1,-1,-1
121,21,520.62,444.54,173.60,379.21,0.7730,-1,-1,-1
121,10,1238.46,443.17,35.09,101.03,0.4970,-1,-1,-1
121,14,1082.92,445.41,52.65,149.75,0.3513,-1,-1,-1
122,2,680.54,440.42,95.28,320.80,0.8005,-1,-1,-1
122,11,521.99,445.92,174.98,380.36,0.8126,-1,-1,-1
122,5,773.72,452.72,102.71,248.12,0.5888,-1,-1,-1
122,21,521.49,445.86,175.42,380.78,0.8126,-1,-1,-1
122,10,1236.88,445.44,34.37,99.92,0.4612,-1,-1,-1
122,14,1083.89,449.05,51.58,145.93,0.3730,-1,-1,-1
123,2,683.05,439.52,93.87,322.81,0.8127,-1,-1,-1
123,11,524.59,443.75,174.98,385.99,0.8010,-1,-1,-1
123,5,773.99,456.67,107.92,244.98,0.7214,-1,-1,-1
123,21,524.11,443.70,175.41,386.37,0.8010,-1,-1,-1
123,10,1236.04,450.52,35.01,96.22,0.5373,-1,-1,-1
123,14,1084.53,448.60,50.72,146.25,0.3629,-1,-1,-1
124,2,684.76,438.56,92.94,325.18,0.8053,-1,-1,-1
124,11,526.55,442.69,174.94,391.38,0.6876,-1,-1,-1
124,5,774.78,456.98,109.93,245.42,0.7236,-1,-1,-1
124,21,526.11,442.64,175.34,391.71,0.6876,-1,-1,-1
124,10,1235.38,453.78,35.48,93.43,0.5575,-1,-1,-1
124,14,1085.79,449.12,49.44,144.93,0.3515,-1,-1,-1
125,2,685.28,437.77,92.36,327.07,0.8170,-1,-1,-1
125,11,526.53,442.26,176.97,391.84,0.7677,-1,-1,-1
125,5,778.60,459.54,108.77,244.07,0.7425,-1,-1,-1
125,21,526.14,442.22,177.32,392.14,0.7677,-1,-1,-1
125,10,1233.52,454.62,36.24,93.94,0.5475,-1,-1,-1
125,14,1083.52,453.81,49.96,140.14,0.3691,-1,-1,-1
126,2,685.55,437.73,94.23,327.39,0.8111,-1,-1,-1
126,11,544.60,442.19,156.48,391.45,0.6423,-1,-1,-1
126,5,780.26,457.78,105.73,246.33,0.7282,-1,-1,-1
126,21,544.20,442.15,156.85,391.72,0.6423,-1,-1,-1
126,10,1230.42,453.39,38.28,95.97,0.5450,-1,-1,-1
126,14,1082.43,456.66,48.99,137.47,0.3073,-1,-1,-1
127,2,684.81,437.99,96.65,328.21,0.8122,-1,-1,-1
127,11,548.77,440.87,152.54,392.53,0.6704,-1,-1,-1
127,5,782.16,456.96,102.86,248.16,0.7183,-1,-1,-1
127,21,548.45,440.83,152.84,392.76,0.6704,-1,-1,-1
127,10,1227.43,452.46,40.80,97.83,0.5223,-1,-1,-1
127,14,1081.16,458.31,49.82,136.10,0.3095,-1,-1,-1
128,2,684.81,437.71,101.07,329.03,0.8132,-1,-1,-1
128,11,556.58,440.70,147.81,392.24,0.6721,-1,-1,-1
128,5,783.30,461.52,100.91,243.26,0.6857,-1,-1,-1
128,21,556.29,440.67,148.07,392.45,0.6721,-1,-1,-1
128,10,1225.31,454.28,42.44,98.19,0.5056,-1,-1,-1
128,14,1079.72,459.22,52.42,135.50,0.3464,-1,-1,-1
129,2,683.51,437.72,103.44,328.84,0.8329,-1,-1,-1
129,11,557.87,441.46,149.61,391.22,0.6805,-1,-1,-1
129,5,785.39,460.00,101.69,244.19,0.6778,-1,-1,-1
129,21,557.63,441.44,149.83,391.40,0.6805,-1,-1,-1
129,10,1223.19,461.76,44.11,92.47,0.4230,-1,-1,-1
129,14,1082.70,458.54,51.46,136.89,0.3197,-1,-1,-1
130,2,682.38,437.51,105.14,328.98,0.8316,-1,-1,-1
130,11,551.77,441.99,157.97,390.29,0.6633,-1,-1,-1
130,5,787.00,459.42,101.09,244.95,0.7440,-1,-1,-1
130,21,551.57,441.96,158.15,390.45,0.6633,-1,-1,-1
130,10,1222.76,456.54,43.31,97.93,0.4340,-1,-1,-1
130,14,1081.22,460.67,52.39,134.56,0.3687,-1,-1,-1
131,2,682.15,437.05,104.88,330.40,0.8231,-1,-1,-1
131,11,566.38,440.70,144.92,391.17,0.5515,-1,-1,-1
131,5,789.87,459.03,100.57,246.73,0.7644,-1,-1,-1
131,21,566.18,440.68,145.11,391.31,0.5515,-1,-1,-1
131,10,1222.50,462.40,44.56,92.77,0.3967,-1,-1,-1
131,14,1084.24,458.74,51.29,136.65,0.3088,-1,-1,-1
132,2,683.63,436.16,102.99,331.47,0.8129,-1,-1,-1
132,11,570.77,440.35,144.72,390.36,0.5694,-1,-1,-1
132,5,792.16,457.22,100.61,248.89,0.7880,-1,-1,-1
132,21,570.61,440.33,144.86,390.49,0.5694,-1,-1,-1
133,2,684.18,435.71,102.34,331.84,0.8010,-1,-1,-1
133,11,545.09,440.56,169.44,391.23,0.3429,-1,-1,-1
133,5,793.41,457.94,99.81,248.62,0.7891,-1,-1,-1
133,21,583.99,438.83,133.04,391.55,0.6248,-1,-1,-1
133,19,491.08,461.06,41.29,109.38,0.3529,-1,-1,-1
134,2,685.19,434.52,102.99,333.01,0.7910,-1,-1,-1
134,11,568.06,440.22,150.21,390.59,0.6258,-1,-1,-1
134,5,794.98,454.87,101.02,251.11,0.7736,-1,-1,-1
134,21,584.03,439.55,135.36,390.78,0.6258,-1,-1,-1
134,19,491.06,457.58,41.71,112.69,0.3044,-1,-1,-1
135,2,685.38,433.08,104.25,333.25,0.7845,-1,-1,-1
135,11,574.95,440.18,145.76,391.35,0.6394,-1,-1,-1
135,5,793.45,451.89,103.32,254.66,0.7166,-1,-1,-1
135,21,580.68,439.92,140.43,391.48,0.6394,-1,-1,-1
135,19,489.27,460.31,42.08,109.77,0.3709,-1,-1,-1
136,2,685.70,433.06,104.98,332.48,0.7736,-1,-1,-1
136,11,573.82,439.56,148.11,395.59,0.6531,-1,-1,-1
136,5,794.49,450.98,101.22,256.19,0.7076,-1,-1,-1
136,21,575.91,439.46,146.18,395.69,0.6531,-1,-1,-1
136,19,489.83,457.72,41.02,112.58,0.3798,-1,-1,-1
137,2,691.82,433.62,103.04,329.97,0.7812,-1,-1,-1
137,11,585.61,437.43,136.12,408.49,0.6708,-1,-1,-1
137,5,796.80,452.43,98.39,255.63,0.7601,-1,-1,-1
137,21,586.12,437.40,135.69,408.56,0.6708,-1,-1,-1
137,19,490.28,459.78,40.20,110.06,0.3790,-1,-1,-1
138,2,691.30,433.92,106.17,330.62,0.7634,-1,-1,-1
138,11,588.32,437.03,134.39,417.74,0.6509,-1,-1,-1
138,5,801.30,451.24,95.04,258.69,0.7548,-1,-1,-1
138,21,588.34,437.02,134.41,417.81,0.6509,-1,-1,-1
138,19,490.23,459.93,40.28,109.81,0.3530,-1,-1,-1
139,2,693.45,433.50,106.87,331.98,0.7558,-1,-1,-1
139,11,575.57,438.52,148.03,417.77,0.6134,-1,-1,-1
139,5,806.21,450.03,92.42,261.30,0.7271,-1,-1,-1
139,21,575.55,438.52,148.08,417.82,0.6134,-1,-1,-1
139,19,491.89,459.74,39.30,110.73,0.4722,-1,-1,-1
140,2,692.99,433.95,111.22,331.81,0.7594,-1,-1,-1
140,11,569.65,438.36,154.81,417.74,0.5618,-1,-1,-1
140,5,811.58,451.62,82.81,262.86,0.6994,-1,-1,-1
140,21,569.57,438.36,154.90,417.79,0.5618,-1,-1,-1
140,19,492.13,460.21,38.72,111.27,0.4331,-1,-1,-1
140,10,1216.74,450.40,34.72,102.88,0.3417,-1,-1,-1
141,2,692.58,433.13,114.68,334.05,0.7575,-1,-1,-1
141,11,563.36,438.40,160.69,419.05,0.5603,-1,-1,-1
141,5,815.37,451.63,82.41,262.40,0.6511,-1,-1,-1
141,21,563.28,438.40,160.78,419.09,0.5603,-1,-1,-1
141,19,491.74,459.55,39.55,112.04,0.3644,-1,-1,-1
141,10,1214.01,448.71,36.55,104.82,0.4119,-1,-1,-1
142,2,693.08,433.37,122.51,332.49,0.7614,-1,-1,-1
142,11,557.49,438.68,166.37,415.43,0.5183,-1,-1,-1
142,5,816.53,448.30,86.09,267.79,0.6417,-1,-1,-1
142,21,557.42,438.68,166.46,415.47,0.5183,-1,-1,-1
142,19,491.10,460.60,39.28,111.05,0.3089,-1,-1,-1
142,10,1211.56,448.00,36.95,104.93,0.4058,-1,-1,-1
143,2,694.48,435.37,127.46,330.74,0.7707,-1,-1,-1
143,11,571.81,435.57,150.72,427.24,0.5327,-1,-1,-1
143,5,818.12,447.62,85.68,268.03,0.6267,-1,-1,-1
143,21,571.70,435.57,150.85,427.27,0.5327,-1,-1,-1
143,10,1210.19,445.72,36.38,106.96,0.3844,-1,-1,-1
144,2,693.99,436.27,135.29,331.49,0.7510,-1,-1,-1
144,11,550.05,436.98,173.52,433.38,0.5175,-1,-1,-1
144,5,820.60,448.38,84.82,265.60,0.5448,-1,-1,-1
144,21,550.01,436.99,173.57,433.40,0.5175,-1,-1,-1
144,10,1208.02,444.11,35.27,109.29,0.3247,-1,-1,-1
145,2,694.00,437.89,141.24,330.69,0.7511,-1,-1,-1
145,11,543.38,437.08,180.02,439.52,0.6339,-1,-1,-1
145,5,823.44,453.28,82.80,258.81,0.5678,-1,-1,-1
145,21,543.34,437.08,180.07,439.54,0.6339,-1,-1,-1
145,10,1206.77,443.19,34.33,110.21,0.3647,-1,-1,-1
145,19,478.60,469.51,47.23,104.51,0.3476,-1,-1,-1
146,2,696.26,438.30,142.28,331.12,0.7430,-1,-1,-1
146,11,540.64,438.39,182.26,444.18,0.7284,-1,-1,-1
146,5,826.05,454.33,81.77,256.47,0.6558,-1,-1,-1
146,21,540.60,438.40,182.31,444.20,0.7284,-1,-1,-1
146,10,1206.55,443.36,33.48,108.14,0.4385,-1,-1,-1
146,23,877.73,434.05,79.64,247.41,0.3552,-1,-1,-1
146,19,476.67,472.30,47.64,101.68,0.3686,-1,-1,-1
147,2,699.77,437.93,139.77,333.59,0.7977,-1,-1,-1
147,11,540.14,439.89,181.66,448.05,0.7202,-1,-1,-1
147,5,827.68,456.89,81.48,253.44,0.6119,-1,-1,-1
147,21,540.11,439.89,181.71,448.07,0.7202,-1,-1,-1
147,10,1203.93,446.34,34.95,103.28,0.4762,-1,-1,-1
147,23,879.08,432.76,80.78,248.40,0.4328,-1,-1,-1
147,19,475.19,470.08,47.89,103.29,0.3377,-1,-1,-1
147,14,1081.54,460.08,49.55,134.79,0.3542,-1,-1,-1
148,2,701.93,437.68,137.94,333.54,0.7744,-1,-1,-1
148,11,539.19,440.52,182.45,451.70,0.7250,-1,-1,-1
148,5,828.45,456.93,83.26,254.07,0.6526,-1,-1,-1
148,21,539.16,440.52,182.49,451.72,0.7250,-1,-1,-1
148,10,1203.06,446.39,35.08,104.40,0.4493,-1,-1,-1
148,23,881.94,432.04,80.89,247.55,0.3675,-1,-1,-1
148,19,474.67,470.86,47.36,102.74,0.3711,-1,-1,-1
148,14,1082.01,458.40,49.55,136.27,0.3643,-1,-1,-1
149,2,705.70,437.54,134.47,336.10,0.8076,-1,-1,-1
149,11,541.74,439.30,176.40,455.25,0.7301,-1,-1,-1
149,5,830.35,456.46,83.49,253.41,0.6589,-1,-1,-1
149,21,541.71,439.30,176.45,455.26,0.7301,-1,-1,-1
149,10,1200.39,447.63,37.61,102.03,0.4544,-1,-1,-1
149,23,884.91,438.00,84.63,241.48,0.5616,-1,-1,-1
149,14,1080.06,459.34,49.22,135.70,0.3016,-1,-1,-1
150,2,709.25,436.53,130.57,338.17,0.8110,-1,-1,-1
150,11,543.98,437.54,174.43,458.38,0.7688,-1,-1,-1
150,5,831.64,452.84,84.90,257.11,0.6492,-1,-1,-1
150,21,543.95,437.54,174.47,458.40,0.7688,-1,-1,-1
150,10,1197.51,449.59,40.19,99.35,0.4432,-1,-1,-1
150,23,888.49,440.05,80.55,239.04,0.6119,-1,-1,-1
150,14,1079.77,458.88,49.64,135.55,0.3430,-1,-1,-1
