1,1,1338.48,417.88,163.01,358.61,0.8093,-1,-1,-1
1,2,584.16,443.38,91.76,264.69,0.7630,-1,-1,-1
1,3,439.99,445.88,112.20,273.42,0.6760,-1,-1,-1
1,4,1455.13,432.63,141.44,332.68,0.6426,-1,-1,-1
1,5,730.90,456.73,35.97,111.40,0.5625,-1,-1,-1
2,1,1342.76,417.60,160.35,359.17,0.8313,-1,-1,-1
2,2,584.51,442.91,92.31,264.19,0.7656,-1,-1,-1
2,3,437.66,445.28,116.80,274.27,0.6901,-1,-1,-1
2,4,1452.15,436.86,146.67,331.72,0.6726,-1,-1,-1
2,5,731.47,457.28,36.30,110.28,0.5322,-1,-1,-1
3,1,1343.63,423.32,175.81,365.87,0.8358,-1,-1,-1
3,2,584.48,443.04,93.55,263.65,0.7561,-1,-1,-1
3,3,437.22,443.75,117.93,276.33,0.6979,-1,-1,-1
3,4,1466.13,441.59,138.80,327.08,0.7325,-1,-1,-1
3,5,731.30,460.21,36.82,106.78,0.5315,-1,-1,-1
4,1,1348.57,421.73,179.33,375.82,0.8240,-1,-1,-1
4,2,584.44,443.81,93.19,264.26,0.7670,-1,-1,-1
4,3,438.60,442.96,119.11,276.69,0.7436,-1,-1,-1
4,4,1478.41,434.62,126.14,333.26,0.7303,-1,-1,-1
4,5,732.04,459.14,36.84,109.28,0.5187,-1,-1,-1
5,1,1351.71,419.43,178.44,385.08,0.8483,-1,-1,-1
5,2,584.71,444.03,93.12,264.05,0.7658,-1,-1,-1
5,3,442.38,443.59,119.27,274.36,0.6899,-1,-1,-1
5,4,1485.90,429.52,116.05,338.50,0.7403,-1,-1,-1
5,5,732.67,459.01,35.89,109.28,0.5181,-1,-1,-1
6,1,1358.00,418.61,174.37,388.34,0.8471,-1,-1,-1
6,2,584.12,443.52,92.55,266.94,0.7617,-1,-1,-1
6,3,448.71,443.81,117.46,274.34,0.6951,-1,-1,-1
6,4,1494.98,426.49,107.82,342.02,0.7237,-1,-1,-1
6,5,733.36,457.57,34.52,110.22,0.5346,-1,-1,-1
7,1,1368.03,419.05,160.35,385.22,0.8559,-1,-1,-1
7,2,584.46,443.01,91.76,268.09,0.7671,-1,-1,-1
7,3,447.31,444.57,119.97,274.33,0.7308,-1,-1,-1
7,4,1500.62,430.35,102.39,339.34,0.7679,-1,-1,-1
7,5,733.52,457.85,33.88,109.91,0.5489,-1,-1,-1
8,1,1385.37,415.30,142.28,386.75,0.8056,-1,-1,-1
8,2,584.70,442.96,91.83,267.36,0.7823,-1,-1,-1
8,3,448.67,444.07,119.50,274.59,0.7468,-1,-1,-1
8,4,1505.57,422.73,98.90,347.94,0.7695,-1,-1,-1
8,5,733.49,457.17,34.27,109.68,0.5422,-1,-1,-1
9,1,1400.69,409.61,130.08,392.08,0.7453,-1,-1,-1
9,2,585.14,442.66,90.88,268.12,0.7793,-1,-1,-1
9,3,454.78,444.16,114.63,274.30,0.7434,-1,-1,-1
9,4,1512.02,422.00,94.55,347.94,0.7485,-1,-1,-1
9,5,733.12,457.02,35.07,110.99,0.5346,-1,-1,-1
10,1,1416.27,413.50,120.40,382.63,0.7915,-1,-1,-1
10,2,585.36,442.79,91.41,268.21,0.7823,-1,-1,-1
10,3,457.15,443.88,114.11,274.35,0.7179,-1,-1,-1
10,4,1507.35,418.07,109.05,355.35,0.6691,-1,-1,-1
10,5,732.78,457.47,35.88,109.78,0.5202,-1,-1,-1
11,1,1426.75,412.61,119.34,385.72,0.7691,-1,-1,-1
11,2,585.91,442.84,91.17,267.06,0.7705,-1,-1,-1
11,3,455.63,442.76,115.24,275.85,0.6894,-1,-1,-1
11,4,1525.73,418.81,97.88,350.61,0.7954,-1,-1,-1
11,5,732.59,458.51,37.09,110.58,0.5668,-1,-1,-1
12,1,1438.36,409.16,117.20,388.30,0.7273,-1,-1,-1
12,2,585.72,442.28,91.73,266.93,0.7667,-1,-1,-1
12,3,451.61,442.23,119.26,276.27,0.6674,-1,-1,-1
12,4,1537.11,418.83,94.20,353.07,0.7732,-1,-1,-1
12,5,731.65,456.76,38.07,112.95,0.6052,-1,-1,-1
13,1,1446.25,411.86,121.77,386.80,0.7015,-1,-1,-1
13,2,585.37,442.04,92.48,267.28,0.7539,-1,-1,-1
13,3,446.83,442.92,123.50,276.33,0.7038,-1,-1,-1
13,4,1540.10,420.20,104.26,357.62,0.7515,-1,-1,-1
13,5,730.77,456.29,38.75,117.02,0.5822,-1,-1,-1
14,1,1453.66,410.23,128.36,387.34,0.5769,-1,-1,-1
14,2,584.35,442.16,93.98,268.00,0.7504,-1,-1,-1
14,3,447.06,442.02,122.01,280.35,0.6394,-1,-1,-1
14,4,1538.74,416.60,130.65,370.01,0.6144,-1,-1,-1
14,5,730.25,456.45,39.43,118.47,0.5512,-1,-1,-1
15,2,583.99,442.43,93.22,269.26,0.7700,-1,-1,-1
15,3,446.43,442.85,120.93,282.07,0.6578,-1,-1,-1
15,4,1539.18,421.85,160.18,373.43,0.5959,-1,-1,-1
15,5,730.37,453.31,39.87,123.60,0.6068,-1,-1,-1
16,2,583.63,443.69,92.96,267.45,0.7683,-1,-1,-1
16,3,445.86,442.66,117.80,283.48,0.6511,-1,-1,-1
16,4,1547.74,421.11,176.65,381.49,0.6740,-1,-1,-1
17,2,583.36,445.39,93.01,267.31,0.7652,-1,-1,-1
17,3,446.19,442.69,116.12,284.55,0.6589,-1,-1,-1
17,4,1556.50,420.98,186.38,385.27,0.7724,-1,-1,-1
18,2,583.57,445.05,93.02,268.36,0.7898,-1,-1,-1
18,3,448.02,442.96,114.08,284.66,0.7161,-1,-1,-1
18,4,1570.56,426.26,181.75,383.23,0.7103,-1,-1,-1
18,1,1459.38,419.26,202.56,391.49,0.6832,-1,-1,-1
19,2,584.19,445.13,94.18,269.27,0.7677,-1,-1,-1
19,3,450.16,444.57,112.76,284.60,0.7092,-1,-1,-1
19,4,1566.71,451.87,191.08,361.86,0.6827,-1,-1,-1
20,2,584.52,445.77,97.93,267.63,0.7783,-1,-1,-1
20,3,451.45,448.59,113.96,279.94,0.7097,-1,-1,-1
20,4,1587.28,457.30,186.32,349.52,0.6328,-1,-1,-1
21,2,584.77,444.50,101.31,269.09,0.7905,-1,-1,-1
21,3,452.41,448.09,112.85,279.27,0.6969,-1,-1,-1
21,4,1612.17,455.46,157.66,348.90,0.6553,-1,-1,-1
21,1,1464.40,414.59,244.60,405.23,0.7286,-1,-1,-1
22,2,584.77,444.12,103.21,269.12,0.7777,-1,-1,-1
22,3,454.15,447.21,112.81,280.36,0.5988,-1,-1,-1
22,4,1627.27,436.60,152.29,364.48,0.7015,-1,-1,-1
22,1,1464.92,412.85,235.03,405.88,0.5296,-1,-1,-1
23,2,583.90,443.84,105.30,269.02,0.7759,-1,-1,-1
23,3,461.34,446.37,109.95,281.48,0.6875,-1,-1,-1
23,4,1633.95,427.11,131.96,374.41,0.6267,-1,-1,-1
24,2,584.38,443.83,105.42,268.56,0.7548,-1,-1,-1
24,3,466.98,445.37,109.41,284.98,0.6836,-1,-1,-1
24,4,1644.15,421.25,123.11,378.27,0.6253,-1,-1,-1
24,1,1479.00,408.07,224.35,412.97,0.7030,-1,-1,-1
25,2,585.07,443.72,105.17,268.73,0.7430,-1,-1,-1
25,3,467.30,444.77,111.17,288.26,0.6333,-1,-1,-1
25,4,1655.84,417.19,122.31,384.66,0.6677,-1,-1,-1
25,1,1487.11,407.07,216.46,412.61,0.6348,-1,-1,-1
26,2,586.22,444.08,103.15,268.69,0.7238,-1,-1,-1
26,3,467.95,442.04,112.29,293.44,0.6586,-1,-1,-1
26,4,1662.62,419.53,115.18,381.92,0.6618,-1,-1,-1
26,1,1495.70,409.05,230.67,410.85,0.5970,-1,-1,-1
27,2,587.88,443.58,100.80,269.91,0.7290,-1,-1,-1
27,3,469.25,443.51,112.16,290.47,0.6226,-1,-1,-1
27,4,1674.26,414.34,112.45,384.15,0.6655,-1,-1,-1
27,1,1510.74,410.78,220.16,410.99,0.5632,-1,-1,-1
28,2,591.52,443.41,98.45,270.64,0.7387,-1,-1,-1
28,3,471.76,442.00,110.93,292.65,0.6030,-1,-1,-1
28,4,1682.88,411.13,114.25,385.21,0.6566,-1,-1,-1
28,1,1530.69,405.36,187.07,422.14,0.5830,-1,-1,-1
29,2,593.72,443.54,97.29,270.65,0.7305,-1,-1,-1
29,3,474.25,442.07,110.08,292.08,0.5853,-1,-1,-1
29,4,1684.70,418.81,128.16,381.57,0.7144,-1,-1,-1
29,1,1548.76,396.97,167.12,431.92,0.7036,-1,-1,-1
29,6,1426.90,436.15,54.44,121.99,0.5399,-1,-1,-1
30,2,595.20,443.49,97.13,271.23,0.7479,-1,-1,-1
30,3,476.45,442.17,109.46,292.13,0.6444,-1,-1,-1
30,4,1680.16,426.37,152.84,374.56,0.6397,-1,-1,-1
30,1,1575.40,392.23,149.87,436.63,0.7467,-1,-1,-1
30,6,1432.21,433.20,49.29,124.55,0.5942,-1,-1,-1
31,2,597.91,443.19,95.56,272.12,0.7511,-1,-1,-1
31,3,477.02,443.17,111.11,288.63,0.6511,-1,-1,-1
31,4,1694.76,418.87,182.59,387.23,0.6599,-1,-1,-1
31,1,1594.97,390.96,155.71,436.96,0.7353,-1,-1,-1
31,6,1440.83,430.32,43.42,127.31,0.5751,-1,-1,-1
32,2,599.78,443.08,94.95,272.77,0.7619,-1,-1,-1
32,3,478.55,444.27,110.59,288.64,0.6380,-1,-1,-1
32,4,1715.50,417.86,184.88,389.61,0.7325,-1,-1,-1
32,1,1606.69,394.11,162.29,440.75,0.7909,-1,-1,-1
32,6,1446.78,430.69,39.99,126.59,0.5304,-1,-1,-1
33,2,601.20,443.89,94.72,271.68,0.7666,-1,-1,-1
33,3,479.58,444.09,110.01,292.81,0.7036,-1,-1,-1
33,4,1730.93,414.38,185.28,396.80,0.6489,-1,-1,-1
33,1,1612.62,394.48,170.65,449.80,0.8077,-1,-1,-1
33,6,1450.70,431.13,39.22,126.24,0.5779,-1,-1,-1
34,2,604.26,443.48,91.99,271.87,0.7622,-1,-1,-1
34,3,479.56,443.99,110.43,298.45,0.7295,-1,-1,-1
34,1,1616.19,394.52,181.41,447.82,0.8033,-1,-1,-1
34,6,1454.58,430.85,39.41,126.58,0.6021,-1,-1,-1
35,2,605.52,443.93,91.43,271.21,0.7727,-1,-1,-1
35,3,478.69,443.91,111.24,300.11,0.7405,-1,-1,-1
35,1,1621.92,393.37,193.78,453.87,0.8494,-1,-1,-1
35,6,1456.47,431.75,38.93,124.95,0.5704,-1,-1,-1
36,2,607.03,444.21,90.33,270.68,0.7727,-1,-1,-1
36,3,477.46,443.97,112.66,302.03,0.7073,-1,-1,-1
36,1,1628.86,394.86,211.04,465.71,0.8186,-1,-1,-1
36,6,1457.54,432.71,40.96,124.79,0.5763,-1,-1,-1
36,4,1763.91,413.79,159.54,405.51,0.5498,-1,-1,-1
37,2,608.48,444.78,89.96,270.11,0.7701,-1,-1,-1
37,3,477.36,444.49,112.64,296.97,0.6661,-1,-1,-1
37,1,1633.89,396.67,242.23,471.35,0.7919,-1,-1,-1
37,6,1460.98,433.12,42.18,125.31,0.5473,-1,-1,-1
37,4,1774.44,418.28,147.44,401.67,0.6041,-1,-1,-1
38,2,608.97,444.23,90.34,271.03,0.7670,-1,-1,-1
38,3,477.56,444.70,113.93,291.40,0.6848,-1,-1,-1
38,1,1634.98,400.75,251.94,473.36,0.8537,-1,-1,-1
38,6,1463.03,432.29,43.44,126.02,0.6036,-1,-1,-1
39,2,609.25,443.39,91.74,272.12,0.7798,-1,-1,-1
39,3,478.03,444.56,114.29,293.43,0.7065,-1,-1,-1
39,1,1635.63,403.21,260.78,472.94,0.8708,-1,-1,-1
39,6,1464.37,431.91,44.96,125.77,0.5842,-1,-1,-1
39,4,1809.32,428.35,112.40,379.86,0.5196,-1,-1,-1
40,2,610.00,443.65,91.69,272.30,0.7745,-1,-1,-1
40,3,477.32,445.54,116.27,295.01,0.6819,-1,-1,-1
40,1,1635.78,404.19,269.68,474.03,0.8623,-1,-1,-1
40,6,1466.11,432.82,46.66,124.12,0.5641,-1,-1,-1
40,4,1819.22,424.62,102.66,386.42,0.5961,-1,-1,-1
41,2,612.03,443.59,91.77,272.68,0.7916,-1,-1,-1
41,3,478.71,446.88,114.48,295.04,0.6836,-1,-1,-1
41,1,1639.66,401.91,279.58,481.91,0.8655,-1,-1,-1
41,6,1466.20,433.99,50.20,121.72,0.5075,-1,-1,-1
41,4,1831.27,405.66,90.57,409.40,0.6854,-1,-1,-1
42,2,613.67,443.01,90.64,272.30,0.7989,-1,-1,-1
42,3,476.18,447.36,117.36,300.97,0.6607,-1,-1,-1
42,1,1644.90,401.38,276.14,480.51,0.8417,-1,-1,-1
42,6,1467.84,434.50,50.70,121.07,0.5558,-1,-1,-1
42,4,1841.98,395.62,79.37,421.76,0.6497,-1,-1,-1
43,2,615.28,443.34,89.95,271.82,0.7886,-1,-1,-1
43,3,470.12,446.10,121.83,306.42,0.6241,-1,-1,-1
43,1,1654.06,402.96,268.46,480.73,0.8501,-1,-1,-1
43,6,1469.63,433.55,51.57,121.75,0.5799,-1,-1,-1
43,4,1852.08,393.98,68.78,425.10,0.5920,-1,-1,-1
44,2,615.60,443.57,90.58,271.40,0.7992,-1,-1,-1
44,3,468.98,446.13,123.77,312.17,0.6486,-1,-1,-1
44,1,1665.14,396.18,255.02,485.08,0.8458,-1,-1,-1
44,6,1472.62,434.90,50.10,120.66,0.5326,-1,-1,-1
45,2,616.58,443.11,90.95,271.52,0.7777,-1,-1,-1
45,3,468.01,444.23,123.65,314.77,0.6357,-1,-1,-1
45,1,1684.92,394.20,231.91,485.11,0.7946,-1,-1,-1
46,2,617.21,442.38,93.08,272.39,0.7591,-1,-1,-1
46,3,466.42,444.78,125.94,318.03,0.6338,-1,-1,-1
46,1,1708.58,392.31,211.41,487.33,0.6319,-1,-1,-1
46,6,1483.27,435.38,38.36,119.51,0.5208,-1,-1,-1
47,2,617.18,441.74,93.11,272.75,0.7759,-1,-1,-1
47,3,464.74,444.44,127.61,320.13,0.6297,-1,-1,-1
47,1,1757.86,387.19,161.66,493.59,0.7059,-1,-1,-1
47,6,1488.27,432.61,34.34,120.73,0.5143,-1,-1,-1
48,2,618.44,441.27,93.55,272.59,0.7453,-1,-1,-1
48,3,468.21,443.93,123.53,319.41,0.6478,-1,-1,-1
48,1,1775.57,386.12,144.83,491.94,0.7899,-1,-1,-1
49,2,619.10,441.23,94.11,272.06,0.7551,-1,-1,-1
49,3,470.62,444.22,120.58,318.47,0.6377,-1,-1,-1
49,1,1795.84,385.26,125.20,492.78,0.8007,-1,-1,-1
50,2,618.53,441.52,97.64,272.23,0.7557,-1,-1,-1
50,3,465.83,443.77,124.15,317.09,0.6202,-1,-1,-1
50,1,1810.40,385.20,110.95,496.53,0.8414,-1,-1,-1
51,2,618.72,441.45,99.41,272.33,0.7625,-1,-1,-1
51,3,455.85,443.46,133.73,315.51,0.6074,-1,-1,-1
51,1,1818.91,383.94,101.55,498.73,0.8291,-1,-1,-1
52,2,619.73,442.30,99.16,271.63,0.7491,-1,-1,-1
52,3,463.40,444.45,127.29,315.21,0.6583,-1,-1,-1
52,1,1827.01,385.12,92.88,495.70,0.8109,-1,-1,-1
53,2,620.79,443.18,97.42,270.47,0.7479,-1,-1,-1
53,3,463.72,445.79,127.60,313.03,0.6521,-1,-1,-1
53,1,1829.23,383.96,90.70,499.83,0.7787,-1,-1,-1
54,2,622.84,442.76,96.52,271.81,0.7377,-1,-1,-1
54,3,466.58,445.91,125.36,313.96,0.6934,-1,-1,-1
54,1,1825.93,388.64,94.38,497.74,0.7337,-1,-1,-1
54,8,1259.52,430.29,40.32,115.23,0.5063,-1,-1,-1
55,2,623.55,442.21,93.62,272.69,0.7448,-1,-1,-1
55,3,469.25,445.30,122.22,315.01,0.7045,-1,-1,-1
55,1,1825.75,411.24,94.69,476.41,0.7186,-1,-1,-1
55,8,1259.71,429.65,40.30,116.22,0.5005,-1,-1,-1
56,2,623.82,441.67,92.80,273.32,0.7329,-1,-1,-1
56,3,471.56,445.43,119.84,314.41,0.7116,-1,-1,-1
56,1,1827.27,429.19,92.72,458.39,0.5919,-1,-1,-1
56,8,1259.98,426.82,40.51,118.74,0.5103,-1,-1,-1
57,2,623.92,442.32,91.26,272.95,0.7314,-1,-1,-1
57,3,470.92,446.69,120.90,313.11,0.6682,-1,-1,-1
57,8,1260.29,430.80,39.90,114.39,0.5175,-1,-1,-1
58,2,625.52,443.35,92.58,271.82,0.7337,-1,-1,-1
58,3,473.17,445.78,119.31,312.57,0.6648,-1,-1,-1
58,8,1260.61,432.56,40.41,112.77,0.5224,-1,-1,-1
59,2,626.32,443.04,92.63,271.96,0.7172,-1,-1,-1
59,3,474.55,443.96,119.50,315.66,0.7116,-1,-1,-1
59,8,1260.31,432.90,42.29,112.34,0.5377,-1,-1,-1
60,2,625.85,443.15,92.92,274.04,0.7132,-1,-1,-1
60,3,473.55,442.16,125.07,318.32,0.7233,-1,-1,-1
60,8,1260.04,434.75,42.46,111.03,0.5482,-1,-1,-1
61,2,624.95,443.63,93.54,276.42,0.7075,-1,-1,-1
61,3,473.76,443.16,131.56,316.80,0.6856,-1,-1,-1
61,8,1259.67,430.07,42.62,115.73,0.5334,-1,-1,-1
61,10,699.45,455.61,67.73,216.75,0.5448,-1,-1,-1
62,2,624.19,444.48,91.65,275.76,0.7224,-1,-1,-1
62,3,478.16,442.92,134.79,318.20,0.7249,-1,-1,-1
62,8,1259.51,430.32,41.45,115.14,0.5512,-1,-1,-1
62,10,699.11,454.25,67.27,218.39,0.6201,-1,-1,-1
63,2,621.51,444.01,92.99,278.97,0.7393,-1,-1,-1
63,3,479.17,441.15,138.14,319.68,0.7251,-1,-1,-1
63,8,1259.64,431.17,40.70,113.81,0.5324,-1,-1,-1
63,10,697.27,457.59,69.34,214.58,0.6620,-1,-1,-1
64,2,619.78,444.22,93.21,278.78,0.7432,-1,-1,-1
64,3,483.02,441.85,139.04,318.90,0.7205,-1,-1,-1
64,8,1259.44,433.30,40.24,111.05,0.5248,-1,-1,-1
64,10,696.87,453.25,69.70,219.97,0.6377,-1,-1,-1
65,2,619.34,446.48,92.61,277.11,0.7429,-1,-1,-1
65,3,491.98,444.44,134.72,316.95,0.7891,-1,-1,-1
65,8,1259.17,437.47,40.22,107.03,0.5287,-1,-1,-1
65,10,696.09,450.44,69.32,225.06,0.6806,-1,-1,-1
66,2,620.12,447.69,91.34,276.19,0.7595,-1,-1,-1
66,3,494.99,446.53,138.34,317.04,0.7284,-1,-1,-1
66,8,1259.02,439.00,40.36,105.65,0.5299,-1,-1,-1
66,10,697.46,452.19,69.10,223.80,0.6783,-1,-1,-1
67,2,619.43,447.43,92.22,275.49,0.7469,-1,-1,-1
67,3,490.02,447.16,146.48,320.74,0.6449,-1,-1,-1
67,8,1259.88,441.03,39.05,103.33,0.5143,-1,-1,-1
67,10,698.03,453.17,70.68,223.89,0.6747,-1,-1,-1
68,2,617.05,446.69,95.11,275.46,0.7347,-1,-1,-1
68,3,488.56,448.53,150.62,318.50,0.6441,-1,-1,-1
68,10,699.34,454.84,71.14,221.32,0.6769,-1,-1,-1
69,2,614.97,446.89,96.94,275.26,0.7571,-1,-1,-1
69,3,488.85,446.92,153.42,320.45,0.6178,-1,-1,-1
69,10,698.17,456.05,72.33,220.96,0.6660,-1,-1,-1
69,8,1259.94,437.98,39.12,106.51,0.5127,-1,-1,-1
70,2,612.12,446.19,99.57,275.17,0.7602,-1,-1,-1
70,3,491.58,444.32,150.57,322.10,0.7277,-1,-1,-1
70,10,698.25,457.34,72.04,220.30,0.6304,-1,-1,-1
70,8,1259.73,437.91,39.18,106.74,0.5124,-1,-1,-1
70,6,1542.30,420.01,46.51,132.74,0.5866,-1,-1,-1
71,2,611.14,445.77,100.02,276.06,0.7686,-1,-1,-1
71,3,495.97,443.37,147.40,323.61,0.7339,-1,-1,-1
71,10,698.54,458.58,69.48,219.86,0.5866,-1,-1,-1
71,8,1259.64,437.29,39.27,107.41,0.5172,-1,-1,-1
71,6,1543.06,420.29,47.30,132.57,0.5760,-1,-1,-1
72,2,611.82,444.80,98.37,277.15,0.7655,-1,-1,-1
72,3,498.22,443.79,145.66,323.44,0.7412,-1,-1,-1
72,10,698.94,458.55,70.22,220.90,0.5837,-1,-1,-1
72,8,1259.65,432.02,40.01,112.67,0.5145,-1,-1,-1
72,6,1543.54,420.47,46.62,132.16,0.5699,-1,-1,-1
73,2,614.26,443.90,96.32,278.02,0.7676,-1,-1,-1
73,3,501.96,444.43,142.07,323.50,0.7758,-1,-1,-1
73,10,700.09,458.51,70.83,220.41,0.5996,-1,-1,-1
73,8,1259.77,431.08,40.29,113.35,0.5074,-1,-1,-1
73,6,1545.76,419.50,44.76,132.68,0.5323,-1,-1,-1
74,2,617.63,442.87,92.88,280.10,0.7757,-1,-1,-1
74,3,506.02,444.18,139.96,326.28,0.7379,-1,-1,-1
74,10,701.55,455.88,74.78,222.04,0.5739,-1,-1,-1
74,8,1260.16,428.90,40.56,115.83,0.5172,-1,-1,-1
75,2,619.65,441.01,89.43,282.44,0.7706,-1,-1,-1
75,3,507.13,442.68,138.94,326.33,0.7339,-1,-1,-1
75,10,702.31,454.98,75.91,221.70,0.6329,-1,-1,-1
75,8,1259.70,428.19,40.99,117.02,0.5276,-1,-1,-1
76,2,621.73,441.36,87.20,282.09,0.7708,-1,-1,-1
76,3,512.38,445.34,132.24,321.82,0.7659,-1,-1,-1
76,10,702.41,452.08,79.31,224.49,0.6644,-1,-1,-1
76,8,1259.77,427.69,41.29,117.32,0.5213,-1,-1,-1
77,2,622.52,441.09,85.27,283.85,0.7672,-1,-1,-1
77,3,517.38,446.54,127.08,320.32,0.7638,-1,-1,-1
77,10,701.74,448.32,82.91,228.20,0.6311,-1,-1,-1
77,8,1259.84,427.51,41.32,117.38,0.5267,-1,-1,-1
78,2,626.61,441.40,81.59,281.91,0.7763,-1,-1,-1
78,3,517.08,445.69,126.85,321.60,0.7205,-1,-1,-1
78,10,702.39,451.39,86.17,225.74,0.6610,-1,-1,-1
79,2,629.16,440.62,78.93,282.34,0.7683,-1,-1,-1
79,3,515.96,446.08,127.37,322.48,0.5523,-1,-1,-1
79,10,703.84,455.65,90.98,221.34,0.6625,-1,-1,-1
80,2,630.26,439.70,79.26,283.79,0.7412,-1,-1,-1
80,3,511.58,445.78,133.45,324.72,0.5070,-1,-1,-1
80,10,706.25,457.56,95.22,219.93,0.7267,-1,-1,-1
81,2,631.53,437.30,80.46,287.73,0.7146,-1,-1,-1
81,10,707.64,458.31,98.60,220.14,0.7116,-1,-1,-1
82,2,632.56,438.59,79.73,288.26,0.6814,-1,-1,-1
82,10,708.35,458.61,103.49,220.43,0.7306,-1,-1,-1
82,8,1261.01,438.73,40.56,106.00,0.5000,-1,-1,-1
82,3,547.91,447.26,98.35,330.82,0.5208,-1,-1,-1
83,2,633.57,440.39,80.34,288.26,0.6484,-1,-1,-1
83,10,710.44,458.30,104.94,222.07,0.7128,-1,-1,-1
84,2,633.18,441.89,85.25,288.33,0.5866,-1,-1,-1
84,10,711.68,460.00,107.80,221.08,0.7028,-1,-1,-1
84,3,564.13,443.33,85.33,338.02,0.5377,-1,-1,-1
85,2,632.66,443.58,86.72,288.13,0.5711,-1,-1,-1
85,10,716.60,458.77,104.49,223.55,0.7238,-1,-1,-1
86,2,632.60,444.10,91.46,288.49,0.5456,-1,-1,-1
86,10,719.31,457.28,102.16,225.25,0.7347,-1,-1,-1
87,2,634.33,443.81,90.25,288.58,0.5310,-1,-1,-1
87,10,720.39,456.39,101.72,225.40,0.7198,-1,-1,-1
88,2,635.99,446.11,93.08,286.61,0.5827,-1,-1,-1
88,10,723.19,454.35,99.38,227.65,0.6862,-1,-1,-1
89,2,638.41,448.72,93.68,284.53,0.5881,-1,-1,-1
89,10,724.60,452.11,99.03,230.13,0.7351,-1,-1,-1
90,2,641.67,446.61,90.65,286.19,0.6022,-1,-1,-1
90,10,728.11,451.74,96.25,230.63,0.7265,-1,-1,-1
90,12,514.13,449.07,95.97,305.51,0.5634,-1,-1,-1
91,2,643.62,443.27,91.75,290.68,0.6814,-1,-1,-1
91,10,731.61,453.40,93.23,229.02,0.6912,-1,-1,-1
91,12,512.72,449.24,97.57,299.83,0.6319,-1,-1,-1
91,3,582.54,446.41,82.33,288.34,0.5621,-1,-1,-1
92,2,642.76,439.52,94.53,294.93,0.6772,-1,-1,-1
92,10,732.84,453.98,93.17,228.16,0.6874,-1,-1,-1
92,12,511.18,448.22,98.93,301.31,0.6139,-1,-1,-1
93,2,641.80,438.69,96.54,296.06,0.6733,-1,-1,-1
93,10,735.28,456.54,91.98,225.23,0.7076,-1,-1,-1
93,12,511.24,447.89,99.36,302.27,0.6227,-1,-1,-1
94,2,643.48,439.44,95.08,297.30,0.7237,-1,-1,-1
94,10,737.89,454.88,91.32,226.84,0.7048,-1,-1,-1
94,12,515.02,448.51,95.35,302.45,0.5699,-1,-1,-1
95,2,643.28,439.92,97.43,297.95,0.7413,-1,-1,-1
95,10,740.10,452.99,90.16,229.69,0.6683,-1,-1,-1
95,12,512.89,448.30,96.88,302.08,0.5600,-1,-1,-1
95,8,1258.19,435.49,42.49,110.75,0.5238,-1,-1,-1
96,2,642.65,440.90,98.31,297.42,0.7595,-1,-1,-1
96,10,744.08,454.46,87.69,228.67,0.6825,-1,-1,-1
96,12,510.04,447.11,97.98,303.56,0.5007,-1,-1,-1
97,2,644.28,441.34,98.08,296.87,0.7520,-1,-1,-1
97,10,747.15,455.76,87.62,229.16,0.6975,-1,-1,-1
97,12,508.84,446.60,99.06,303.51,0.5032,-1,-1,-1
98,2,645.99,442.29,98.76,296.15,0.7792,-1,-1,-1
98,10,751.02,457.41,87.43,228.57,0.7152,-1,-1,-1
98,12,506.12,446.51,100.59,304.53,0.5049,-1,-1,-1
98,3,554.90,440.54,112.23,355.15,0.5219,-1,-1,-1
98,8,1257.47,438.01,42.31,108.55,0.5486,-1,-1,-1
99,2,647.23,442.59,99.41,295.89,0.7606,-1,-1,-1
99,10,751.55,456.67,89.06,229.65,0.7761,-1,-1,-1
99,12,501.84,444.70,105.12,305.01,0.5339,-1,-1,-1
99,3,559.61,441.93,107.40,357.85,0.5669,-1,-1,-1
99,8,1257.83,439.92,41.08,106.59,0.5311,-1,-1,-1
100,2,648.29,442.11,100.99,296.91,0.6840,-1,-1,-1
100,10,753.67,454.52,87.00,231.73,0.7635,-1,-1,-1
100,12,498.11,441.21,105.43,304.23,0.5654,-1,-1,-1
100,3,567.03,443.16,100.92,356.85,0.5904,-1,-1,-1
100,8,1257.96,441.31,40.42,105.40,0.5535,-1,-1,-1
101,2,648.39,442.50,104.23,296.87,0.7108,-1,-1,-1
101,10,755.11,455.59,85.39,232.14,0.7579,-1,-1,-1
101,12,496.18,442.25,108.68,305.21,0.5476,-1,-1,-1
101,3,562.71,442.07,106.67,360.27,0.6094,-1,-1,-1
101,8,1257.87,441.79,39.65,104.89,0.5546,-1,-1,-1
102,2,650.09,441.89,103.36,294.44,0.7176,-1,-1,-1
102,10,754.82,456.58,87.60,231.08,0.7433,-1,-1,-1
102,12,496.88,441.15,104.38,305.42,0.5780,-1,-1,-1
102,3,564.55,443.22,105.10,360.31,0.6214,-1,-1,-1
102,8,1256.97,441.01,37.68,105.87,0.5570,-1,-1,-1
103,2,650.95,440.89,105.63,294.54,0.7067,-1,-1,-1
103,10,754.51,457.07,87.57,228.72,0.7246,-1,-1,-1
103,12,497.95,443.29,101.34,302.48,0.5501,-1,-1,-1
103,3,565.78,443.72,105.80,360.20,0.5751,-1,-1,-1
104,2,653.57,440.54,105.54,295.64,0.7207,-1,-1,-1
104,10,755.41,457.78,87.36,229.44,0.7326,-1,-1,-1
104,3,552.56,440.32,120.31,363.61,0.6641,-1,-1,-1
105,2,655.40,439.97,105.74,297.30,0.7537,-1,-1,-1
105,10,758.62,459.32,85.61,231.73,0.7589,-1,-1,-1
105,3,541.35,437.51,132.73,365.18,0.7286,-1,-1,-1
106,2,656.89,441.24,105.94,295.40,0.7511,-1,-1,-1
106,10,760.08,459.05,85.40,233.69,0.7376,-1,-1,-1
106,3,535.67,437.84,139.78,365.00,0.6724,-1,-1,-1
107,2,658.19,441.22,108.77,295.28,0.7627,-1,-1,-1
107,10,761.84,459.57,85.10,235.26,0.7348,-1,-1,-1
107,3,533.71,438.22,144.12,364.08,0.6664,-1,-1,-1
108,2,659.95,439.29,107.10,296.30,0.7569,-1,-1,-1
108,10,761.23,455.88,87.32,242.03,0.7147,-1,-1,-1
108,3,536.63,437.08,143.49,367.12,0.6895,-1,-1,-1
109,2,660.83,438.54,108.35,298.21,0.7368,-1,-1,-1
109,10,762.06,455.29,87.66,243.52,0.6722,-1,-1,-1
109,3,538.92,436.88,144.62,368.43,0.6967,-1,-1,-1
110,2,662.17,437.91,105.46,301.04,0.7534,-1,-1,-1
110,10,761.23,456.76,88.97,242.56,0.7076,-1,-1,-1
110,3,539.93,437.62,145.68,368.39,0.6860,-1,-1,-1
111,2,662.88,437.86,106.63,305.17,0.7663,-1,-1,-1
111,10,761.02,455.83,88.90,243.17,0.7134,-1,-1,-1
111,3,540.09,439.93,148.57,367.74,0.6626,-1,-1,-1
112,2,665.54,437.88,105.34,306.70,0.7777,-1,-1,-1
112,10,761.48,452.87,88.32,246.81,0.7238,-1,-1,-1
112,3,540.33,437.50,148.07,369.16,0.6822,-1,-1,-1
113,2,666.89,437.85,105.93,311.95,0.7861,-1,-1,-1
113,10,763.37,451.71,87.10,247.81,0.7145,-1,-1,-1
113,3,546.48,436.03,141.56,370.78,0.6970,-1,-1,-1
114,2,668.69,438.89,103.56,314.71,0.7899,-1,-1,-1
114,10,764.64,453.22,87.54,245.71,0.7038,-1,-1,-1
114,3,540.23,434.54,148.80,372.11,0.6817,-1,-1,-1
114,8,1243.46,441.16,36.60,104.11,0.5743,-1,-1,-1
115,2,670.00,438.90,101.56,314.38,0.7876,-1,-1,-1
115,10,766.54,454.40,88.62,244.52,0.6930,-1,-1,-1
115,3,557.09,435.50,132.43,371.31,0.6534,-1,-1,-1
115,8,1242.19,441.01,36.84,102.97,0.5540,-1,-1,-1
116,2,672.38,438.89,98.23,312.43,0.7857,-1,-1,-1
116,10,767.52,451.97,88.80,247.36,0.6743,-1,-1,-1
116,3,559.33,435.25,130.22,372.69,0.6312,-1,-1,-1
116,8,1240.82,441.30,37.37,102.28,0.5973,-1,-1,-1
117,2,672.80,439.90,98.45,311.98,0.7957,-1,-1,-1
117,10,770.23,452.20,86.84,246.68,0.6473,-1,-1,-1
117,3,549.97,434.45,139.19,373.43,0.6800,-1,-1,-1
117,8,1241.24,441.47,35.98,101.01,0.5698,-1,-1,-1
118,2,674.67,440.15,94.94,313.75,0.7995,-1,-1,-1
118,10,770.02,454.36,83.44,244.88,0.6584,-1,-1,-1
118,3,543.09,435.12,145.76,377.27,0.6853,-1,-1,-1
118,8,1240.99,442.27,35.83,99.81,0.5427,-1,-1,-1
119,2,675.27,440.62,94.51,317.94,0.8141,-1,-1,-1
119,10,769.20,452.50,88.78,245.56,0.7127,-1,-1,-1
119,3,528.61,439.33,161.84,379.41,0.7319,-1,-1,-1
119,8,1239.65,442.90,36.67,97.92,0.5295,-1,-1,-1
120,2,677.25,441.33,94.30,319.51,0.8120,-1,-1,-1
120,10,770.19,451.96,92.05,246.92,0.7124,-1,-1,-1
120,3,524.01,442.49,167.67,378.98,0.7667,-1,-1,-1
120,8,1238.05,442.98,37.29,100.04,0.5371,-1,-1,-1
121,2,678.59,441.28,93.81,320.72,0.8157,-1,-1,-1
121,10,769.01,453.46,98.15,245.84,0.6841,-1,-1,-1
121,3,521.05,444.55,173.22,378.97,0.7730,-1,-1,-1
122,2,680.54,440.42,95.28,320.80,0.8005,-1,-1,-1
122,10,773.72,452.72,102.71,248.12,0.5888,-1,-1,-1
122,3,521.92,445.88,175.02,380.56,0.8126,-1,-1,-1
123,2,683.06,439.52,93.87,322.81,0.8127,-1,-1,-1
123,10,773.99,456.67,107.92,244.98,0.7214,-1,-1,-1
123,3,524.53,443.71,175.02,386.18,0.8010,-1,-1,-1
123,8,1235.88,451.45,35.69,95.26,0.5373,-1,-1,-1
124,2,684.76,438.56,92.94,325.18,0.8053,-1,-1,-1
124,10,774.78,456.98,109.93,245.42,0.7236,-1,-1,-1
124,3,526.49,442.65,174.98,391.54,0.6876,-1,-1,-1
124,8,1235.38,454.14,35.67,93.10,0.5575,-1,-1,-1
125,2,685.28,437.77,92.36,327.07,0.8170,-1,-1,-1
125,10,778.60,459.54,108.77,244.07,0.7425,-1,-1,-1
125,3,526.49,442.23,177.00,391.98,0.7677,-1,-1,-1
125,8,1233.55,454.72,36.26,93.89,0.5475,-1,-1,-1
126,2,685.55,437.73,94.23,327.39,0.8111,-1,-1,-1
126,10,780.26,457.78,105.73,246.33,0.7282,-1,-1,-1
126,3,544.55,442.16,156.51,391.58,0.6423,-1,-1,-1
126,8,1230.46,453.39,38.24,96.02,0.5450,-1,-1,-1
127,2,684.81,437.99,96.65,328.21,0.8122,-1,-1,-1
127,10,782.16,456.96,102.86,248.16,0.7183,-1,-1,-1
127,3,548.74,440.84,152.57,392.64,0.6704,-1,-1,-1
127,8,1227.48,452.43,40.74,97.91,0.5223,-1,-1,-1
128,2,684.81,437.71,101.07,329.03,0.8132,-1,-1,-1
128,10,783.30,461.51,100.91,243.26,0.6857,-1,-1,-1
128,3,556.55,440.68,147.83,392.34,0.6721,-1,-1,-1
128,8,1225.36,454.23,42.38,98.27,0.5056,-1,-1,-1
129,2,683.51,437.72,103.44,328.84,0.8329,-1,-1,-1
129,10,785.39,460.00,101.69,244.19,0.6778,-1,-1,-1
129,3,557.84,441.44,149.63,391.31,0.6805,-1,-1,-1
130,2,682.38,437.51,105.14,328.98,0.8316,-1,-1,-1
130,10,787.00,459.42,101.10,244.95,0.7440,-1,-1,-1
130,3,551.75,441.97,157.99,390.36,0.6633,-1,-1,-1
131,2,682.15,437.05,104.88,330.40,0.8231,-1,-1,-1
131,10,789.88,459.03,100.57,246.73,0.7644,-1,-1,-1
131,3,566.36,440.69,144.94,391.23,0.5515,-1,-1,-1
132,2,683.63,436.16,102.99,331.47,0.8129,-1,-1,-1
132,10,792.16,457.22,100.61,248.89,0.7880,-1,-1,-1
132,3,570.76,440.34,144.73,390.42,0.5694,-1,-1,-1
133,2,684.18,435.71,102.34,331.84,0.8010,-1,-1,-1
133,10,793.41,457.94,99.81,248.62,0.7891,-1,-1,-1
133,3,584.13,438.83,132.91,391.49,0.6248,-1,-1,-1
134,2,685.19,434.52,102.99,333.01,0.7910,-1,-1,-1
134,10,794.98,454.87,101.02,251.11,0.7736,-1,-1,-1
134,3,584.13,439.55,135.26,390.73,0.6258,-1,-1,-1
135,2,685.38,433.08,104.25,333.25,0.7845,-1,-1,-1
135,10,793.45,451.89,103.32,254.66,0.7166,-1,-1,-1
135,3,580.76,439.92,140.35,391.44,0.6394,-1,-1,-1
136,2,685.70,433.06,104.98,332.48,0.7736,-1,-1,-1
136,10,794.49,450.98,101.22,256.19,0.7076,-1,-1,-1
136,3,575.98,439.47,146.11,395.65,0.6531,-1,-1,-1
137,2,691.82,433.62,103.04,329.97,0.7812,-1,-1,-1
137,10,796.80,452.43,98.39,255.62,0.7601,-1,-1,-1
137,3,586.19,437.40,135.62,408.52,0.6708,-1,-1,-1
138,2,691.30,433.92,106.17,330.62,0.7634,-1,-1,-1
138,10,801.29,451.24,95.04,258.69,0.7548,-1,-1,-1
138,3,588.40,437.02,134.35,417.77,0.6509,-1,-1,-1
139,2,693.45,433.50,106.87,331.98,0.7558,-1,-1,-1
139,10,806.21,450.03,92.42,261.30,0.7271,-1,-1,-1
139,3,575.60,438.52,148.03,417.79,0.6134,-1,-1,-1
140,2,692.99,433.95,111.22,331.81,0.7594,-1,-1,-1
140,10,811.58,451.62,82.81,262.86,0.6994,-1,-1,-1
140,3,569.62,438.36,154.85,417.77,0.5618,-1,-1,-1
141,2,692.58,433.13,114.68,334.05,0.7575,-1,-1,-1
141,10,815.37,451.63,82.41,262.40,0.6511,-1,-1,-1
141,3,563.32,438.40,160.74,419.07,0.5603,-1,-1,-1
142,2,693.08,433.37,122.51,332.49,0.7614,-1,-1,-1
142,10,816.53,448.31,86.09,267.79,0.6417,-1,-1,-1
142,3,557.46,438.69,166.42,415.45,0.5183,-1,-1,-1
143,2,694.48,435.37,127.46,330.74,0.7707,-1,-1,-1
143,10,818.12,447.62,85.68,268.03,0.6267,-1,-1,-1
143,3,571.74,435.57,150.81,427.25,0.5327,-1,-1,-1
144,2,693.99,436.27,135.29,331.49,0.7510,-1,-1,-1
144,10,820.60,448.38,84.82,265.60,0.5448,-1,-1,-1
144,3,550.04,436.99,173.54,433.39,0.5175,-1,-1,-1
145,2,694.00,437.89,141.24,330.69,0.7511,-1,-1,-1
145,10,823.44,453.28,82.80,258.81,0.5678,-1,-1,-1
145,3,543.37,437.09,180.04,439.53,0.6339,-1,-1,-1
146,2,696.26,438.30,142.29,331.12,0.7430,-1,-1,-1
146,10,826.05,454.33,81.77,256.47,0.6558,-1,-1,-1
146,3,540.63,438.40,182.29,444.19,0.7284,-1,-1,-1
147,2,699.77,437.93,139.77,333.59,0.7977,-1,-1,-1
147,10,827.68,456.89,81.48,253.44,0.6119,-1,-1,-1
147,3,540.13,439.89,181.69,448.06,0.7202,-1,-1,-1
148,2,701.93,437.68,137.94,333.54,0.7744,-1,-1,-1
148,10,828.45,456.93,83.26,254.07,0.6526,-1,-1,-1
148,3,539.18,440.52,182.47,451.71,0.7250,-1,-1,-1
149,2,705.70,437.54,134.47,336.10,0.8076,-1,-1,-1
149,10,830.35,456.46,83.49,253.41,0.6589,-1,-1,-1
149,3,541.73,439.30,176.43,455.25,0.7301,-1,-1,-1
150,2,709.25,436.53,130.57,338.17,0.8110,-1,-1,-1
150,10,831.64,452.84,84.90,257.11,0.6492,-1,-1,-1
150,3,543.97,437.54,174.45,458.39,0.7688,-1,-1,-1
150,13,888.45,440.28,79.77,238.96,0.6119,-1,-1,-1
