1,1,1338.48,417.88,163.01,358.61,0.8093,-1,-1,-1
1,2,584.16,443.38,91.76,264.69,0.7630,-1,-1,-1
1,3,439.99,445.88,112.20,273.42,0.6760,-1,-1,-1
1,4,1455.13,432.63,141.44,332.68,0.6426,-1,-1,-1
1,5,730.90,456.73,35.97,111.40,0.5625,-1,-1,-1
2,1,1341.28,417.60,163.20,359.16,0.8313,-1,-1,-1
2,2,584.83,442.91,91.60,264.18,0.7656,-1,-1,-1
2,3,439.70,445.29,112.65,274.26,0.6901,-1,-1,-1
2,4,1454.85,436.87,141.15,331.71,0.6726,-1,-1,-1
2,5,731.77,457.28,35.62,110.28,0.5322,-1,-1,-1
3,1,1348.10,423.30,166.61,365.85,0.8358,-1,-1,-1
3,2,585.47,443.03,91.49,263.64,0.7561,-1,-1,-1
3,3,439.35,443.75,113.61,276.32,0.6979,-1,-1,-1
3,4,1466.07,441.58,139.10,327.06,0.7325,-1,-1,-1
3,5,732.39,460.20,34.57,106.77,0.5315,-1,-1,-1
4,1,1352.57,421.71,171.38,375.80,0.8240,-1,-1,-1
4,2,585.14,443.80,91.74,264.25,0.7670,-1,-1,-1
4,3,441.17,442.95,113.97,276.68,0.7436,-1,-1,-1
4,4,1470.98,434.60,141.01,333.25,0.7303,-1,-1,-1
4,5,732.74,459.13,35.41,109.27,0.5187,-1,-1,-1
5,1,1353.15,419.43,175.59,385.07,0.8483,-1,-1,-1
5,2,585.42,444.02,91.73,264.05,0.7658,-1,-1,-1
5,3,445.42,443.58,113.30,274.35,0.6899,-1,-1,-1
5,4,1473.13,429.52,141.92,338.49,0.7403,-1,-1,-1
5,5,732.94,459.01,35.42,109.28,0.5181,-1,-1,-1
6,1,1356.80,418.60,176.80,388.33,0.8471,-1,-1,-1
6,2,584.08,443.50,92.69,266.93,0.7617,-1,-1,-1
6,3,450.82,443.80,113.45,274.33,0.6951,-1,-1,-1
6,4,1478.17,426.49,141.51,342.02,0.7237,-1,-1,-1
6,5,732.85,457.56,35.63,110.22,0.5346,-1,-1,-1
7,1,1361.18,419.03,174.18,385.20,0.8559,-1,-1,-1
7,2,583.93,443.00,92.98,268.08,0.7671,-1,-1,-1
7,3,450.49,444.55,113.88,274.32,0.7308,-1,-1,-1
7,4,1482.85,430.32,138.25,339.33,0.7679,-1,-1,-1
7,5,732.83,457.83,35.43,109.91,0.5489,-1,-1,-1
8,1,1370.27,415.30,172.38,386.76,0.8056,-1,-1,-1
8,2,584.37,442.93,92.70,267.36,0.7823,-1,-1,-1
8,3,451.40,444.04,114.31,274.60,0.7468,-1,-1,-1
8,4,1485.72,422.73,139.03,347.94,0.7695,-1,-1,-1
8,5,733.08,457.14,35.31,109.68,0.5422,-1,-1,-1
9,1,1379.71,409.61,171.44,392.09,0.7453,-1,-1,-1
9,2,584.29,442.61,92.79,268.13,0.7793,-1,-1,-1
9,3,455.21,444.10,114.04,274.31,0.7434,-1,-1,-1
9,4,1491.41,422.01,136.03,347.94,0.7485,-1,-1,-1
9,5,732.91,456.98,35.71,110.99,0.5346,-1,-1,-1
10,1,1393.87,413.52,163.90,382.62,0.7915,-1,-1,-1
10,2,584.71,442.77,92.74,268.20,0.7823,-1,-1,-1
10,3,457.22,443.87,114.06,274.35,0.7179,-1,-1,-1
10,4,1493.37,418.09,137.25,355.34,0.6691,-1,-1,-1
10,5,733.04,457.46,35.41,109.78,0.5202,-1,-1,-1
11,1,1404.81,412.62,161.83,385.69,0.7691,-1,-1,-1
11,2,585.35,442.84,92.27,267.04,0.7705,-1,-1,-1
11,3,455.91,442.76,114.74,275.83,0.6894,-1,-1,-1
11,4,1508.63,418.82,132.23,350.57,0.7954,-1,-1,-1
11,5,733.21,458.51,35.81,110.57,0.5668,-1,-1,-1
12,1,1416.61,409.19,159.36,388.27,0.7273,-1,-1,-1
12,2,585.48,442.27,92.22,266.92,0.7667,-1,-1,-1
12,3,453.57,442.22,115.43,276.26,0.6674,-1,-1,-1
12,4,1518.93,418.87,130.03,353.05,0.7732,-1,-1,-1
12,5,732.32,456.76,36.70,112.94,0.6052,-1,-1,-1
13,1,1428.46,411.88,156.08,386.77,0.7015,-1,-1,-1
13,2,585.41,442.02,92.38,267.27,0.7539,-1,-1,-1
13,3,450.43,442.90,116.28,276.31,0.7038,-1,-1,-1
13,4,1526.97,420.23,129.89,357.59,0.7515,-1,-1,-1
13,5,731.09,456.28,38.05,117.02,0.5822,-1,-1,-1
14,1,1440.09,410.25,154.35,387.32,0.5769,-1,-1,-1
14,2,584.88,442.19,92.80,267.99,0.7504,-1,-1,-1
14,3,448.92,442.05,118.14,280.34,0.6394,-1,-1,-1
14,4,1536.26,416.62,135.15,369.98,0.6144,-1,-1,-1
14,5,730.58,456.47,38.60,118.46,0.5512,-1,-1,-1
15,1,1441.48,415.51,147.72,382.01,0.4908,-1,-1,-1
15,2,583.94,442.44,93.17,269.24,0.7700,-1,-1,-1
15,3,447.37,442.86,118.94,282.04,0.6578,-1,-1,-1
15,4,1549.53,421.88,139.97,373.37,0.5959,-1,-1,-1
15,5,730.12,453.33,40.18,123.59,0.6068,-1,-1,-1
16,1,1445.87,422.21,142.46,377.15,0.4018,-1,-1,-1
16,2,583.79,443.68,92.60,267.43,0.7683,-1,-1,-1
16,3,445.17,442.65,119.21,283.46,0.6511,-1,-1,-1
16,4,1563.71,421.10,146.55,381.44,0.6740,-1,-1,-1
16,5,730.01,453.84,39.81,123.15,0.4916,-1,-1,-1
17,1,1452.43,420.92,143.88,381.34,0.3625,-1,-1,-1
17,2,583.65,445.36,92.59,267.29,0.7652,-1,-1,-1
17,3,444.72,442.66,119.27,284.54,0.6589,-1,-1,-1
17,4,1574.74,420.97,151.67,385.23,0.7724,-1,-1,-1
17,5,728.94,454.79,39.13,121.49,0.4490,-1,-1,-1
18,1,1474.99,420.81,152.27,388.41,0.6832,-1,-1,-1
18,2,583.66,445.01,92.95,268.36,0.7898,-1,-1,-1
18,3,445.73,442.92,118.77,284.66,0.7161,-1,-1,-1
18,4,1585.49,426.29,153.21,383.21,0.7103,-1,-1,-1
18,5,728.06,456.76,38.33,119.08,0.4405,-1,-1,-1
19,1,1469.14,414.79,154.03,390.43,0.4640,-1,-1,-1
19,2,584.56,445.13,93.38,269.26,0.7677,-1,-1,-1
19,3,447.42,444.57,118.17,284.58,0.7092,-1,-1,-1
19,4,1587.45,451.88,149.76,361.83,0.6827,-1,-1,-1
19,5,727.01,458.73,37.88,117.18,0.4066,-1,-1,-1
20,1,1467.52,411.62,156.40,394.35,0.3684,-1,-1,-1
20,2,586.69,445.77,93.49,267.61,0.7783,-1,-1,-1
20,3,450.25,448.59,116.21,279.92,0.7097,-1,-1,-1
20,4,1606.99,457.31,148.24,349.50,0.6328,-1,-1,-1
20,5,725.99,455.32,38.71,119.36,0.4105,-1,-1,-1
21,1,1490.05,412.50,168.42,403.56,0.7286,-1,-1,-1
21,2,588.02,444.50,94.79,269.07,0.7905,-1,-1,-1
21,3,450.97,448.08,115.62,279.26,0.6969,-1,-1,-1
21,4,1617.81,455.49,147.16,348.90,0.6553,-1,-1,-1
21,5,726.09,453.42,39.47,121.80,0.3840,-1,-1,-1
22,1,1489.96,411.98,174.79,405.72,0.5296,-1,-1,-1
22,2,588.59,444.10,95.63,269.11,0.7777,-1,-1,-1
22,3,452.66,447.17,115.76,280.35,0.5988,-1,-1,-1
22,4,1627.11,436.67,152.98,364.48,0.7015,-1,-1,-1
22,5,725.53,458.51,38.01,114.78,0.3667,-1,-1,-1
23,1,1482.67,411.66,171.22,395.11,0.4805,-1,-1,-1
23,2,588.25,443.85,96.56,269.01,0.7759,-1,-1,-1
23,3,458.50,446.37,115.50,281.47,0.6875,-1,-1,-1
23,4,1623.62,427.17,153.67,374.40,0.6267,-1,-1,-1
23,5,725.50,463.85,36.84,107.11,0.3625,-1,-1,-1
24,1,1493.34,408.09,180.74,408.39,0.7030,-1,-1,-1
24,2,588.42,443.83,97.20,268.54,0.7548,-1,-1,-1
24,3,463.44,445.37,116.17,284.96,0.6836,-1,-1,-1
24,4,1630.16,421.28,151.91,378.24,0.6253,-1,-1,-1
24,5,726.36,461.90,38.19,107.92,0.4308,-1,-1,-1
25,1,1500.03,406.85,185.05,411.64,0.6348,-1,-1,-1
25,2,588.66,443.71,97.94,268.71,0.7430,-1,-1,-1
25,3,464.32,444.75,116.97,288.23,0.6333,-1,-1,-1
25,4,1641.28,417.28,151.45,384.62,0.6677,-1,-1,-1
25,5,725.66,462.87,38.27,104.73,0.4016,-1,-1,-1
26,1,1514.76,408.70,189.98,411.19,0.5970,-1,-1,-1
26,2,588.60,444.08,98.27,268.68,0.7238,-1,-1,-1
26,3,464.81,442.03,118.42,293.41,0.6586,-1,-1,-1
26,4,1647.00,419.61,146.92,381.90,0.6618,-1,-1,-1
26,5,725.35,463.31,39.22,104.24,0.4402,-1,-1,-1
27,1,1523.97,410.45,192.53,411.73,0.5632,-1,-1,-1
27,2,588.82,443.58,98.75,269.90,0.7290,-1,-1,-1
27,3,466.82,443.49,116.83,290.44,0.6226,-1,-1,-1
27,4,1658.22,414.45,144.44,384.11,0.6655,-1,-1,-1
27,5,723.03,458.63,41.22,108.99,0.3559,-1,-1,-1
28,1,1526.42,405.05,195.04,422.92,0.5830,-1,-1,-1
28,2,591.19,443.41,98.83,270.62,0.7387,-1,-1,-1
28,3,468.59,442.01,116.99,292.62,0.6030,-1,-1,-1
28,4,1668.77,411.20,142.16,385.16,0.6566,-1,-1,-1
28,5,723.88,460.55,41.58,107.78,0.3628,-1,-1,-1
29,1,1534.29,396.68,195.72,432.67,0.7036,-1,-1,-1
29,2,592.94,443.53,98.63,270.62,0.7305,-1,-1,-1
29,3,471.11,442.06,116.13,292.04,0.5853,-1,-1,-1
29,4,1678.44,418.84,140.44,381.51,0.7144,-1,-1,-1
29,5,724.02,460.39,43.40,110.76,0.3503,-1,-1,-1
29,6,1424.79,436.16,58.34,121.97,0.5399,-1,-1,-1
30,1,1552.96,391.93,192.84,437.33,0.7467,-1,-1,-1
30,2,594.35,443.48,98.68,271.21,0.7479,-1,-1,-1
30,3,473.34,442.17,115.52,292.10,0.6444,-1,-1,-1
30,4,1686.11,426.37,140.75,374.50,0.6397,-1,-1,-1
30,5,722.84,458.69,44.53,113.89,0.3648,-1,-1,-1
30,6,1426.94,433.19,59.33,124.53,0.5942,-1,-1,-1
31,1,1575.99,390.61,190.00,437.58,0.7353,-1,-1,-1
31,2,596.26,443.22,98.60,272.08,0.7511,-1,-1,-1
31,3,475.44,443.21,114.03,288.59,0.6511,-1,-1,-1
31,4,1712.44,418.77,150.32,387.17,0.6599,-1,-1,-1
31,5,721.23,457.59,45.80,117.77,0.4385,-1,-1,-1
31,6,1432.00,430.28,60.12,127.29,0.5751,-1,-1,-1
32,1,1591.89,393.76,189.36,441.30,0.7909,-1,-1,-1
32,2,597.96,443.09,98.45,272.75,0.7619,-1,-1,-1
32,3,476.94,444.29,113.70,288.61,0.6380,-1,-1,-1
32,4,1732.52,417.75,154.23,389.54,0.7325,-1,-1,-1
32,5,719.80,458.69,45.95,119.25,0.4237,-1,-1,-1
32,6,1436.91,430.65,59.06,126.58,0.5304,-1,-1,-1
33,1,1601.32,394.24,191.52,450.28,0.8077,-1,-1,-1
33,2,599.64,443.90,97.77,271.66,0.7666,-1,-1,-1
33,3,477.18,444.11,114.75,292.79,0.7036,-1,-1,-1
33,4,1744.97,414.35,159.36,396.75,0.6489,-1,-1,-1
33,5,718.68,458.83,45.55,119.00,0.3715,-1,-1,-1
33,6,1441.11,431.15,58.06,126.24,0.5779,-1,-1,-1
34,1,1611.08,394.30,190.54,448.28,0.8033,-1,-1,-1
34,2,601.73,443.44,97.18,271.87,0.7622,-1,-1,-1
34,3,476.72,443.95,116.29,298.44,0.7295,-1,-1,-1
34,4,1757.92,447.08,151.59,368.95,0.3172,-1,-1,-1
34,5,716.62,457.12,45.80,120.64,0.3647,-1,-1,-1
34,6,1445.59,430.85,57.29,126.58,0.6021,-1,-1,-1
35,1,1621.58,393.23,193.76,454.30,0.8494,-1,-1,-1
35,2,603.12,443.89,96.44,271.23,0.7727,-1,-1,-1
35,3,476.22,443.87,116.44,300.12,0.7405,-1,-1,-1
35,4,1761.40,431.29,160.99,394.45,0.4109,-1,-1,-1
35,5,716.94,458.37,44.94,119.45,0.3464,-1,-1,-1
35,6,1448.27,431.80,55.58,124.96,0.5704,-1,-1,-1
36,1,1633.75,394.72,200.60,466.05,0.8186,-1,-1,-1
36,2,604.41,444.19,95.67,270.68,0.7727,-1,-1,-1
36,3,475.47,443.95,116.81,302.02,0.7073,-1,-1,-1
36,4,1763.65,420.16,163.31,403.13,0.5498,-1,-1,-1
36,5,715.54,457.06,45.01,120.04,0.3124,-1,-1,-1
36,6,1450.75,432.73,54.67,124.79,0.5763,-1,-1,-1
37,1,1650.67,396.51,208.29,471.65,0.7919,-1,-1,-1
37,2,605.96,444.77,94.97,270.10,0.7701,-1,-1,-1
37,3,476.30,444.50,114.76,296.96,0.6661,-1,-1,-1
37,4,1768.88,419.97,161.02,401.79,0.6041,-1,-1,-1
37,5,715.14,454.61,45.76,122.94,0.3143,-1,-1,-1
37,6,1454.99,433.12,54.09,125.30,0.5473,-1,-1,-1
38,1,1653.41,400.61,213.57,473.62,0.8537,-1,-1,-1
38,2,606.65,444.23,94.86,271.02,0.7670,-1,-1,-1
38,3,478.01,444.71,112.91,291.39,0.6848,-1,-1,-1
38,5,712.38,453.17,47.55,128.49,0.3084,-1,-1,-1
38,6,1457.83,432.30,53.65,126.02,0.6036,-1,-1,-1
39,1,1656.01,403.09,218.18,473.15,0.8708,-1,-1,-1
39,2,607.54,443.41,94.98,272.11,0.7798,-1,-1,-1
39,3,478.23,444.59,113.72,293.41,0.7065,-1,-1,-1
39,6,1460.21,431.92,52.96,125.76,0.5842,-1,-1,-1
39,4,1791.99,428.34,147.71,380.44,0.5196,-1,-1,-1
40,1,1657.71,404.05,223.77,474.20,0.8623,-1,-1,-1
40,2,608.37,443.68,94.73,272.28,0.7745,-1,-1,-1
40,3,478.07,445.58,114.57,294.98,0.6819,-1,-1,-1
40,6,1463.29,432.80,51.93,124.11,0.5641,-1,-1,-1
40,4,1798.54,424.52,144.95,386.47,0.5961,-1,-1,-1
41,1,1662.34,401.81,232.51,482.05,0.8655,-1,-1,-1
41,2,610.59,443.60,94.58,272.66,0.7916,-1,-1,-1
41,3,478.70,446.89,114.47,295.00,0.6836,-1,-1,-1
41,6,1465.62,433.99,51.05,121.71,0.5075,-1,-1,-1
41,4,1803.72,405.59,146.63,409.25,0.6854,-1,-1,-1
42,1,1664.29,401.31,235.67,480.67,0.8417,-1,-1,-1
42,2,611.99,443.01,94.06,272.28,0.7989,-1,-1,-1
42,3,476.48,447.36,116.85,300.95,0.6607,-1,-1,-1
42,6,1467.72,434.51,50.78,121.07,0.5558,-1,-1,-1
42,4,1810.63,395.60,143.62,421.56,0.6497,-1,-1,-1
43,1,1668.45,402.94,238.28,480.89,0.8501,-1,-1,-1
43,2,613.55,443.33,93.51,271.82,0.7886,-1,-1,-1
43,3,471.41,446.09,119.35,306.41,0.6241,-1,-1,-1
43,6,1469.85,433.59,51.11,121.76,0.5799,-1,-1,-1
43,4,1818.88,394.02,137.14,424.90,0.5920,-1,-1,-1
44,1,1671.68,396.17,240.90,485.25,0.8458,-1,-1,-1
44,2,614.36,443.58,93.17,271.42,0.7992,-1,-1,-1
44,3,470.02,446.14,121.77,312.18,0.6486,-1,-1,-1
44,6,1472.46,434.94,50.53,120.67,0.5326,-1,-1,-1
45,1,1680.95,394.16,238.88,485.26,0.7946,-1,-1,-1
45,2,615.54,443.12,93.02,271.54,0.7777,-1,-1,-1
45,3,468.42,444.25,122.80,314.78,0.6357,-1,-1,-1
45,6,1475.05,434.01,49.93,121.29,0.4938,-1,-1,-1
46,1,1695.54,392.30,236.35,487.47,0.6319,-1,-1,-1
46,2,617.07,442.40,93.39,272.40,0.7591,-1,-1,-1
46,3,467.25,444.81,124.29,318.03,0.6338,-1,-1,-1
46,6,1478.40,435.01,48.06,119.89,0.5208,-1,-1,-1
47,1,1722.49,387.23,229.95,493.74,0.7059,-1,-1,-1
47,2,617.00,441.77,93.47,272.77,0.7759,-1,-1,-1
47,3,465.84,444.46,125.38,320.15,0.6297,-1,-1,-1
47,6,1481.89,432.65,47.02,120.73,0.5143,-1,-1,-1
47,5,689.51,455.40,71.97,202.32,0.5477,-1,-1,-1
48,1,1737.00,386.12,220.97,492.09,0.7899,-1,-1,-1
48,2,618.42,441.31,93.46,272.62,0.7453,-1,-1,-1
48,3,467.52,443.97,124.75,319.43,0.6478,-1,-1,-1
48,5,691.43,454.17,72.30,207.81,0.3822,-1,-1,-1
49,1,1752.14,385.17,211.90,492.89,0.8007,-1,-1,-1
49,2,619.36,441.28,93.39,272.08,0.7551,-1,-1,-1
49,3,468.85,444.29,123.90,318.48,0.6377,-1,-1,-1
49,5,693.19,454.81,71.71,209.31,0.4384,-1,-1,-1
50,1,1764.20,385.14,203.66,496.62,0.8414,-1,-1,-1
50,2,620.28,441.56,94.01,272.25,0.7557,-1,-1,-1
50,3,466.03,443.82,123.66,317.10,0.6202,-1,-1,-1
50,5,696.83,452.45,71.71,212.40,0.3771,-1,-1,-1
51,1,1773.26,383.91,194.86,498.83,0.8291,-1,-1,-1
51,2,621.15,441.45,94.63,272.36,0.7625,-1,-1,-1
51,3,460.43,443.46,124.58,315.54,0.6074,-1,-1,-1
51,5,699.01,456.13,70.28,209.16,0.3362,-1,-1,-1
52,1,1782.67,385.19,184.23,495.82,0.8109,-1,-1,-1
52,2,621.95,442.31,94.81,271.68,0.7491,-1,-1,-1
52,3,465.06,444.45,124.33,315.26,0.6583,-1,-1,-1
52,5,700.51,456.58,70.15,208.75,0.3014,-1,-1,-1
53,1,1787.94,384.11,176.96,499.92,0.7787,-1,-1,-1
53,2,622.33,443.17,94.59,270.52,0.7479,-1,-1,-1
53,3,465.77,445.76,123.90,313.09,0.6521,-1,-1,-1
53,5,695.95,455.30,70.34,209.15,0.4763,-1,-1,-1
54,1,1790.81,388.71,168.93,497.83,0.7337,-1,-1,-1
54,2,623.62,442.75,95.12,271.86,0.7377,-1,-1,-1
54,3,467.27,445.89,124.22,314.01,0.6934,-1,-1,-1
54,5,696.72,453.60,71.85,210.42,0.3682,-1,-1,-1
54,7,1259.35,430.30,40.63,115.22,0.5063,-1,-1,-1
55,1,1797.09,411.21,155.84,476.50,0.7186,-1,-1,-1
55,2,622.86,442.21,95.09,272.73,0.7448,-1,-1,-1
55,3,468.30,445.30,124.22,315.06,0.7045,-1,-1,-1
55,5,695.26,455.18,71.86,208.99,0.3818,-1,-1,-1
55,7,1259.34,429.64,40.97,116.22,0.5005,-1,-1,-1
56,1,1802.85,429.19,144.81,458.49,0.5919,-1,-1,-1
56,2,622.73,441.69,95.03,273.36,0.7329,-1,-1,-1
56,3,469.74,445.44,123.50,314.46,0.7116,-1,-1,-1
56,5,694.11,455.73,71.16,208.12,0.4708,-1,-1,-1
56,7,1259.31,426.84,41.81,118.74,0.5103,-1,-1,-1
57,1,1803.38,407.89,145.56,479.69,0.3788,-1,-1,-1
57,2,622.31,442.34,94.51,273.00,0.7314,-1,-1,-1
57,3,469.92,446.70,122.89,313.17,0.6682,-1,-1,-1
57,5,693.50,455.61,71.58,210.21,0.5811,-1,-1,-1
57,7,1260.09,430.82,40.28,114.39,0.5175,-1,-1,-1
58,1,1809.71,429.60,134.35,457.42,0.3319,-1,-1,-1
58,2,624.68,443.38,94.07,271.85,0.7337,-1,-1,-1
58,3,471.60,445.82,122.30,312.60,0.6648,-1,-1,-1
58,7,1260.85,432.55,39.76,112.77,0.5224,-1,-1,-1
59,2,625.56,443.06,93.98,271.98,0.7172,-1,-1,-1
59,3,472.67,444.00,123.09,315.68,0.7116,-1,-1,-1
59,7,1261.48,432.87,39.79,112.33,0.5377,-1,-1,-1
60,2,625.08,443.16,94.52,274.07,0.7132,-1,-1,-1
60,3,473.87,442.18,124.46,318.35,0.7233,-1,-1,-1
60,7,1261.57,434.74,39.51,111.03,0.5482,-1,-1,-1
60,5,695.20,455.78,72.91,215.97,0.5750,-1,-1,-1
61,2,624.30,443.61,95.17,276.46,0.7075,-1,-1,-1
61,3,477.24,443.13,124.96,316.85,0.6856,-1,-1,-1
61,7,1260.56,430.09,41.21,115.74,0.5334,-1,-1,-1
61,5,696.68,456.09,72.50,216.63,0.5448,-1,-1,-1
62,2,622.97,444.46,94.56,275.80,0.7224,-1,-1,-1
62,3,482.69,442.89,126.48,318.24,0.7249,-1,-1,-1
62,7,1259.98,430.35,40.99,115.15,0.5512,-1,-1,-1
62,5,696.60,454.96,72.37,218.23,0.6201,-1,-1,-1
63,2,620.53,443.97,95.43,278.99,0.7393,-1,-1,-1
63,3,484.45,441.11,128.21,319.70,0.7251,-1,-1,-1
63,7,1259.92,431.13,40.51,113.81,0.5324,-1,-1,-1
63,5,696.52,457.72,71.26,215.12,0.6620,-1,-1,-1
64,2,618.98,444.20,95.18,278.79,0.7432,-1,-1,-1
64,3,488.34,441.83,128.95,318.91,0.7205,-1,-1,-1
64,7,1259.88,433.27,39.60,111.04,0.5248,-1,-1,-1
64,5,695.71,453.99,72.38,219.73,0.6377,-1,-1,-1
65,2,618.55,446.46,94.43,277.13,0.7429,-1,-1,-1
65,3,495.32,444.41,128.54,316.97,0.7891,-1,-1,-1
65,7,1260.16,437.49,38.39,107.03,0.5287,-1,-1,-1
65,5,694.26,451.31,73.36,224.49,0.6806,-1,-1,-1
66,2,618.88,447.70,93.82,276.22,0.7595,-1,-1,-1
66,3,499.42,446.53,129.65,317.06,0.7284,-1,-1,-1
66,7,1260.13,439.01,38.11,105.65,0.5299,-1,-1,-1
66,5,695.66,452.81,72.64,223.48,0.6783,-1,-1,-1
67,2,618.73,447.44,93.52,275.51,0.7469,-1,-1,-1
67,3,496.76,447.18,132.90,320.76,0.6449,-1,-1,-1
67,7,1260.65,441.03,37.39,103.33,0.5143,-1,-1,-1
67,5,696.94,453.65,72.57,223.66,0.6747,-1,-1,-1
68,2,617.58,446.71,93.81,275.48,0.7347,-1,-1,-1
68,3,496.77,448.56,133.93,318.51,0.6441,-1,-1,-1
68,7,1260.17,437.59,38.68,106.91,0.4908,-1,-1,-1
68,5,698.80,455.20,71.78,221.25,0.6769,-1,-1,-1
69,2,616.31,446.90,94.13,275.27,0.7571,-1,-1,-1
69,3,497.24,446.94,136.53,320.46,0.6178,-1,-1,-1
69,7,1260.05,437.20,38.81,107.21,0.5127,-1,-1,-1
69,5,698.32,456.32,71.78,220.92,0.6660,-1,-1,-1
70,2,614.48,446.22,94.74,275.18,0.7602,-1,-1,-1
70,3,497.71,444.35,138.22,322.11,0.7277,-1,-1,-1
70,7,1259.97,437.81,38.66,106.65,0.5124,-1,-1,-1
70,5,698.38,457.57,71.60,220.29,0.6304,-1,-1,-1
70,6,1540.37,420.01,50.44,132.74,0.5866,-1,-1,-1
71,2,613.35,445.79,95.49,276.07,0.7686,-1,-1,-1
71,3,499.94,443.39,139.41,323.62,0.7339,-1,-1,-1
71,7,1259.83,437.43,38.84,107.06,0.5172,-1,-1,-1
71,5,697.65,458.77,71.13,219.86,0.5866,-1,-1,-1
71,6,1541.71,420.29,49.81,132.58,0.5760,-1,-1,-1
72,2,613.01,444.81,95.98,277.16,0.7655,-1,-1,-1
72,3,501.14,443.81,139.82,323.45,0.7412,-1,-1,-1
72,7,1259.35,432.20,40.61,112.28,0.5145,-1,-1,-1
72,5,698.31,458.72,71.36,220.89,0.5837,-1,-1,-1
72,6,1542.24,420.47,49.02,132.17,0.5699,-1,-1,-1
73,2,614.34,443.91,96.15,278.03,0.7676,-1,-1,-1
73,3,503.08,444.45,139.85,323.51,0.7758,-1,-1,-1
73,7,1259.50,431.30,40.80,112.94,0.5074,-1,-1,-1
73,5,699.85,458.67,71.20,220.41,0.5996,-1,-1,-1
73,6,1543.92,419.51,48.32,132.70,0.5323,-1,-1,-1
74,2,615.91,442.88,96.29,280.11,0.7757,-1,-1,-1
74,3,505.60,444.19,140.78,326.29,0.7379,-1,-1,-1
74,7,1259.64,429.10,41.57,115.46,0.5172,-1,-1,-1
74,5,702.80,456.03,72.18,222.03,0.5739,-1,-1,-1
75,2,616.26,441.01,96.19,282.45,0.7706,-1,-1,-1
75,3,506.32,442.69,140.58,326.34,0.7339,-1,-1,-1
75,7,1259.23,428.37,41.92,116.68,0.5276,-1,-1,-1
75,5,703.98,455.12,72.47,221.70,0.6329,-1,-1,-1
76,2,617.70,441.36,95.16,282.09,0.7708,-1,-1,-1
76,3,509.58,445.34,137.81,321.82,0.7659,-1,-1,-1
76,7,1259.38,427.84,41.98,117.01,0.5213,-1,-1,-1
76,5,704.99,452.21,74.04,224.47,0.6644,-1,-1,-1
77,2,617.77,441.08,94.69,283.85,0.7672,-1,-1,-1
77,3,512.86,446.53,136.04,320.33,0.7638,-1,-1,-1
77,7,1259.49,427.66,41.95,117.10,0.5267,-1,-1,-1
77,5,705.09,448.44,76.07,228.17,0.6311,-1,-1,-1
78,2,620.93,441.38,92.77,281.91,0.7763,-1,-1,-1
78,3,512.69,445.67,135.68,321.60,0.7205,-1,-1,-1
78,7,1261.60,438.61,38.24,105.73,0.4773,-1,-1,-1
78,5,707.19,451.48,76.47,225.73,0.6610,-1,-1,-1
79,2,622.76,440.61,91.52,282.35,0.7683,-1,-1,-1
79,3,512.05,446.07,135.29,322.48,0.5523,-1,-1,-1
79,7,1261.92,438.90,38.36,105.44,0.4630,-1,-1,-1
79,5,710.96,455.72,76.80,221.34,0.6625,-1,-1,-1
80,2,624.35,439.71,90.84,283.80,0.7412,-1,-1,-1
80,3,510.20,445.79,136.25,324.73,0.5070,-1,-1,-1
80,7,1261.80,437.32,39.13,107.08,0.4883,-1,-1,-1
80,5,714.83,457.64,78.28,219.94,0.7267,-1,-1,-1
81,2,626.15,437.30,91.06,287.73,0.7146,-1,-1,-1
81,3,508.58,445.57,137.71,327.69,0.4905,-1,-1,-1
81,7,1261.58,435.44,39.89,108.89,0.4970,-1,-1,-1
81,5,716.91,458.36,80.36,220.14,0.7116,-1,-1,-1
82,2,627.18,438.61,90.15,288.28,0.6814,-1,-1,-1
82,3,526.64,446.91,134.26,331.06,0.5208,-1,-1,-1
82,7,1261.87,438.51,39.08,106.13,0.5000,-1,-1,-1
82,5,718.73,458.68,82.81,220.44,0.7306,-1,-1,-1
83,2,628.91,440.41,89.30,288.27,0.6484,-1,-1,-1
83,3,504.90,449.69,124.66,312.89,0.5310,-1,-1,-1
83,7,1261.99,435.36,40.37,109.51,0.4573,-1,-1,-1
83,5,720.21,458.37,85.39,222.08,0.7128,-1,-1,-1
84,2,631.05,441.89,89.21,288.33,0.5866,-1,-1,-1
84,3,530.68,444.62,126.97,330.71,0.5377,-1,-1,-1
84,7,1262.28,435.62,40.33,109.41,0.4270,-1,-1,-1
84,5,721.98,460.04,87.24,221.08,0.7028,-1,-1,-1
85,2,631.36,443.59,89.01,288.13,0.5711,-1,-1,-1
85,3,536.26,440.31,127.54,341.94,0.4759,-1,-1,-1
85,7,1263.25,439.06,39.10,105.78,0.3931,-1,-1,-1
85,5,724.17,458.81,89.40,223.54,0.7238,-1,-1,-1
86,2,633.52,444.09,89.58,288.49,0.5456,-1,-1,-1
86,3,537.30,440.67,124.61,342.83,0.3968,-1,-1,-1
86,7,1263.76,440.09,38.69,104.49,0.4200,-1,-1,-1
86,5,724.99,457.31,91.00,225.25,0.7347,-1,-1,-1
87,2,634.74,443.80,89.58,288.58,0.5310,-1,-1,-1
87,3,538.63,440.94,122.15,343.11,0.4050,-1,-1,-1
87,7,1262.50,434.46,40.43,109.69,0.4075,-1,-1,-1
87,5,725.42,456.40,91.99,225.40,0.7198,-1,-1,-1
88,2,637.81,446.10,89.52,286.60,0.5827,-1,-1,-1
88,3,542.86,441.05,119.40,342.77,0.4498,-1,-1,-1
88,7,1262.13,431.53,41.34,112.60,0.4245,-1,-1,-1
88,5,726.33,454.37,93.30,227.64,0.6862,-1,-1,-1
89,2,640.61,448.72,89.36,284.54,0.5881,-1,-1,-1
89,3,549.15,443.14,115.22,340.19,0.4145,-1,-1,-1
89,7,1262.15,431.25,41.50,113.22,0.4326,-1,-1,-1
89,5,726.86,452.14,94.67,230.13,0.7351,-1,-1,-1
90,2,642.16,446.61,89.74,286.19,0.6022,-1,-1,-1
90,3,525.52,446.81,106.83,317.63,0.5634,-1,-1,-1
90,7,1262.47,434.60,40.35,109.65,0.4309,-1,-1,-1
90,5,728.87,451.76,94.84,230.63,0.7265,-1,-1,-1
91,2,643.86,443.29,91.18,290.68,0.6814,-1,-1,-1
91,3,515.72,448.59,102.02,304.00,0.6319,-1,-1,-1
91,7,1261.29,437.00,39.75,108.42,0.3939,-1,-1,-1
91,5,731.24,453.43,93.97,229.02,0.6912,-1,-1,-1
92,2,643.66,439.52,92.76,294.92,0.6772,-1,-1,-1
92,3,511.29,448.28,101.14,302.05,0.6139,-1,-1,-1
92,7,1260.54,436.64,39.94,108.97,0.4563,-1,-1,-1
92,5,732.67,454.00,93.60,228.15,0.6874,-1,-1,-1
93,2,643.34,438.68,93.51,296.05,0.6733,-1,-1,-1
93,3,510.24,448.13,100.83,301.76,0.6227,-1,-1,-1
93,7,1260.21,436.10,40.11,109.52,0.4624,-1,-1,-1
93,5,735.15,456.54,92.37,225.22,0.7076,-1,-1,-1
94,2,644.08,439.43,93.90,297.30,0.7237,-1,-1,-1
94,3,511.79,448.72,100.04,301.59,0.5699,-1,-1,-1
94,7,1260.31,436.94,39.89,108.82,0.4625,-1,-1,-1
94,5,737.18,454.88,92.82,226.84,0.7048,-1,-1,-1
95,2,644.83,439.89,94.51,297.94,0.7413,-1,-1,-1
95,3,510.71,448.50,99.66,301.19,0.5600,-1,-1,-1
95,7,1259.35,435.93,40.56,110.16,0.5238,-1,-1,-1
95,5,738.53,452.97,93.52,229.69,0.6683,-1,-1,-1
96,2,644.48,440.88,94.75,297.42,0.7595,-1,-1,-1
96,3,508.35,447.35,99.93,302.65,0.5007,-1,-1,-1
96,7,1258.57,435.22,40.98,111.17,0.4772,-1,-1,-1
96,5,741.74,454.46,92.52,228.66,0.6825,-1,-1,-1
97,2,645.91,441.35,94.89,296.87,0.7520,-1,-1,-1
97,3,507.77,446.85,99.88,302.70,0.5032,-1,-1,-1
97,7,1257.99,433.51,41.45,112.61,0.4491,-1,-1,-1
97,5,744.87,455.77,92.25,229.15,0.6975,-1,-1,-1
98,2,647.84,442.29,95.07,296.15,0.7792,-1,-1,-1
98,3,505.66,446.72,100.28,303.78,0.5049,-1,-1,-1
98,7,1258.21,436.70,40.64,109.76,0.5486,-1,-1,-1
98,5,748.90,457.43,91.61,228.57,0.7152,-1,-1,-1
99,2,649.16,442.59,95.42,295.89,0.7606,-1,-1,-1
99,3,503.27,444.91,101.07,304.34,0.5339,-1,-1,-1
99,7,1258.36,439.35,39.80,107.14,0.5311,-1,-1,-1
99,5,750.08,456.68,91.85,229.65,0.7761,-1,-1,-1
99,10,557.04,442.89,113.02,356.40,0.5669,-1,-1,-1
100,2,650.49,442.12,96.29,296.90,0.6840,-1,-1,-1
100,3,499.56,441.45,101.23,303.65,0.5654,-1,-1,-1
100,7,1258.30,441.10,39.35,105.63,0.5535,-1,-1,-1
100,5,751.00,454.53,92.02,231.72,0.7635,-1,-1,-1
100,10,562.15,444.10,111.89,353.79,0.5904,-1,-1,-1
101,2,651.81,442.51,97.17,296.86,0.7108,-1,-1,-1
101,3,498.86,442.45,102.33,304.68,0.5476,-1,-1,-1
101,7,1257.97,441.70,39.14,105.00,0.5546,-1,-1,-1
101,5,751.98,455.61,91.48,232.12,0.7579,-1,-1,-1
101,10,559.60,442.54,113.02,357.78,0.6094,-1,-1,-1
102,2,653.26,441.89,97.00,294.45,0.7176,-1,-1,-1
102,3,497.55,441.31,102.32,304.97,0.5780,-1,-1,-1
102,7,1256.18,440.98,39.22,105.93,0.5570,-1,-1,-1
102,5,753.18,456.59,90.90,231.08,0.7433,-1,-1,-1
102,10,560.96,443.80,112.67,357.83,0.6214,-1,-1,-1
103,2,654.91,440.88,97.92,294.55,0.7067,-1,-1,-1
103,3,497.79,443.40,101.22,302.10,0.5501,-1,-1,-1
103,7,1257.38,442.74,38.41,104.03,0.4840,-1,-1,-1
103,5,753.50,457.07,89.81,228.73,0.7246,-1,-1,-1
103,10,562.87,444.24,112.36,357.88,0.5751,-1,-1,-1
104,2,657.04,440.51,98.90,295.65,0.7207,-1,-1,-1
104,3,500.12,444.78,102.74,305.08,0.3812,-1,-1,-1
104,7,1256.00,442.55,38.47,104.80,0.4853,-1,-1,-1
104,5,754.32,457.76,89.82,229.44,0.7326,-1,-1,-1
104,10,555.37,440.47,114.27,361.76,0.6641,-1,-1,-1
105,2,658.41,439.97,100.00,297.30,0.7537,-1,-1,-1
105,7,1256.01,442.88,38.24,104.59,0.4586,-1,-1,-1
105,5,756.50,459.32,90.11,231.73,0.7589,-1,-1,-1
105,10,548.96,437.55,116.22,363.54,0.7286,-1,-1,-1
106,2,659.94,441.22,99.99,295.40,0.7511,-1,-1,-1
106,7,1255.36,442.39,38.68,105.75,0.4402,-1,-1,-1
106,5,757.69,459.03,90.33,233.69,0.7376,-1,-1,-1
106,10,545.99,437.91,117.87,363.48,0.6724,-1,-1,-1
107,2,662.10,441.23,100.91,295.28,0.7627,-1,-1,-1
107,7,1254.45,444.74,36.83,101.87,0.3549,-1,-1,-1
107,5,759.17,459.58,90.37,235.26,0.7348,-1,-1,-1
107,10,545.51,438.34,119.49,362.68,0.6664,-1,-1,-1
108,2,662.64,439.29,101.66,296.31,0.7569,-1,-1,-1
108,5,758.66,455.88,92.45,242.03,0.7147,-1,-1,-1
108,10,547.17,437.16,122.02,365.95,0.6895,-1,-1,-1
109,2,663.54,438.53,102.89,298.21,0.7368,-1,-1,-1
109,5,759.63,455.28,92.52,243.52,0.6722,-1,-1,-1
109,10,549.12,436.94,124.09,367.39,0.6967,-1,-1,-1
110,2,662.99,437.90,103.79,301.04,0.7534,-1,-1,-1
110,5,759.74,456.75,91.96,242.56,0.7076,-1,-1,-1
110,10,549.89,437.69,125.76,367.45,0.6860,-1,-1,-1
111,2,663.55,437.86,105.33,305.17,0.7663,-1,-1,-1
111,5,759.57,455.84,91.88,243.17,0.7134,-1,-1,-1
111,10,550.69,440.04,127.48,366.90,0.6626,-1,-1,-1
112,2,665.36,437.88,105.71,306.70,0.7777,-1,-1,-1
112,5,759.31,452.87,92.70,246.81,0.7238,-1,-1,-1
112,10,549.62,437.57,129.53,368.41,0.6822,-1,-1,-1
113,2,666.20,437.85,107.32,311.95,0.7861,-1,-1,-1
113,5,760.71,451.72,92.45,247.81,0.7145,-1,-1,-1
113,10,551.99,436.08,130.67,370.14,0.6970,-1,-1,-1
114,2,666.58,438.91,107.67,314.72,0.7899,-1,-1,-1
114,5,762.67,453.23,91.37,245.72,0.7038,-1,-1,-1
114,10,548.14,434.60,132.95,371.54,0.6817,-1,-1,-1
114,7,1243.27,441.42,37.43,103.93,0.5743,-1,-1,-1
115,2,667.18,438.93,106.92,314.37,0.7876,-1,-1,-1
115,5,765.28,454.43,90.80,244.52,0.6930,-1,-1,-1
115,10,557.49,435.59,131.76,370.79,0.6534,-1,-1,-1
115,7,1241.95,441.03,37.11,103.03,0.5540,-1,-1,-1
116,2,668.76,438.90,105.40,312.43,0.7857,-1,-1,-1
116,5,766.10,451.98,91.53,247.35,0.6743,-1,-1,-1
116,10,558.52,435.30,131.97,372.24,0.6312,-1,-1,-1
116,7,1240.92,441.23,37.00,102.40,0.5973,-1,-1,-1
117,2,669.72,439.91,104.66,311.98,0.7957,-1,-1,-1
117,5,768.26,452.20,90.78,246.69,0.6473,-1,-1,-1
117,10,553.09,434.49,133.27,373.03,0.6800,-1,-1,-1
117,7,1240.97,441.39,36.42,101.15,0.5698,-1,-1,-1
118,2,670.15,440.14,104.12,313.76,0.7995,-1,-1,-1
118,5,767.13,454.35,89.37,244.88,0.6584,-1,-1,-1
118,10,548.09,435.14,135.89,376.93,0.6853,-1,-1,-1
118,7,1240.89,442.17,35.99,99.95,0.5427,-1,-1,-1
119,2,670.41,440.57,104.43,317.94,0.8141,-1,-1,-1
119,5,768.75,452.45,89.80,245.56,0.7127,-1,-1,-1
119,10,539.67,439.32,139.70,379.10,0.7319,-1,-1,-1
119,7,1240.21,442.77,35.54,98.05,0.5295,-1,-1,-1
120,2,672.46,441.31,103.96,319.51,0.8120,-1,-1,-1
120,5,770.97,451.94,90.61,246.91,0.7124,-1,-1,-1
120,10,536.66,442.50,142.34,378.70,0.7667,-1,-1,-1
120,7,1238.46,442.88,36.39,100.15,0.5371,-1,-1,-1
121,2,673.85,441.25,103.36,320.72,0.8157,-1,-1,-1
121,5,772.49,453.43,91.29,245.84,0.6841,-1,-1,-1
121,10,535.04,444.55,145.36,378.72,0.7730,-1,-1,-1
121,7,1237.81,443.12,36.40,101.07,0.4970,-1,-1,-1
122,2,676.78,440.43,102.74,320.81,0.8005,-1,-1,-1
122,5,778.61,452.73,93.29,248.13,0.5888,-1,-1,-1
122,10,535.24,445.91,148.59,380.36,0.8126,-1,-1,-1
122,7,1236.17,445.41,35.82,99.96,0.4612,-1,-1,-1
123,2,678.64,439.56,102.41,322.80,0.8127,-1,-1,-1
123,5,780.98,456.70,93.90,244.97,0.7214,-1,-1,-1
123,10,535.67,443.78,152.78,385.98,0.8010,-1,-1,-1
123,7,1236.08,450.52,34.65,96.26,0.5373,-1,-1,-1
124,2,680.03,438.60,102.16,325.17,0.8053,-1,-1,-1
124,5,781.89,457.02,95.59,245.41,0.7236,-1,-1,-1
124,10,535.74,442.72,156.55,391.36,0.6876,-1,-1,-1
124,7,1236.05,453.77,33.90,93.46,0.5575,-1,-1,-1
125,2,680.61,437.79,101.76,327.06,0.8170,-1,-1,-1
125,5,784.97,459.56,96.25,244.06,0.7425,-1,-1,-1
125,10,535.82,442.27,158.63,391.83,0.7677,-1,-1,-1
125,7,1234.49,454.59,34.31,93.96,0.5475,-1,-1,-1
126,2,682.14,437.74,101.27,327.40,0.8111,-1,-1,-1
126,5,784.44,457.78,97.68,246.34,0.7282,-1,-1,-1
126,10,544.57,442.17,157.14,391.46,0.6423,-1,-1,-1
126,7,1231.95,453.38,35.42,96.00,0.5450,-1,-1,-1
127,2,682.72,437.99,101.20,328.22,0.8122,-1,-1,-1
127,5,784.51,456.96,98.61,248.17,0.7183,-1,-1,-1
127,10,546.83,440.84,156.91,392.55,0.6704,-1,-1,-1
127,7,1229.71,452.46,36.63,97.86,0.5223,-1,-1,-1
128,2,684.63,437.72,101.64,329.04,0.8132,-1,-1,-1
128,5,785.37,461.53,97.05,243.27,0.6857,-1,-1,-1
128,10,552.69,440.69,155.75,392.25,0.6721,-1,-1,-1
128,7,1227.95,454.29,37.37,98.21,0.5056,-1,-1,-1
129,2,684.29,437.73,101.87,328.84,0.8329,-1,-1,-1
129,5,787.37,460.01,97.81,244.19,0.6778,-1,-1,-1
129,10,555.22,441.46,154.95,391.22,0.6805,-1,-1,-1
129,7,1227.11,461.76,36.26,92.48,0.4230,-1,-1,-1
130,2,683.78,437.53,102.29,328.98,0.8316,-1,-1,-1
130,5,788.39,459.44,98.34,244.96,0.7440,-1,-1,-1
130,10,553.13,442.00,155.35,390.28,0.6633,-1,-1,-1
130,7,1225.10,456.55,38.67,97.94,0.4340,-1,-1,-1
131,2,683.05,437.07,102.88,330.39,0.8231,-1,-1,-1
131,5,790.55,459.05,99.12,246.72,0.7644,-1,-1,-1
131,10,561.95,440.71,153.97,391.16,0.5515,-1,-1,-1
131,7,1225.92,462.39,37.56,92.78,0.3967,-1,-1,-1
132,2,683.45,436.20,103.06,331.46,0.8129,-1,-1,-1
132,5,792.34,457.25,100.00,248.89,0.7880,-1,-1,-1
132,10,566.59,440.39,152.86,390.35,0.5694,-1,-1,-1
133,2,683.82,435.71,103.05,331.83,0.8010,-1,-1,-1
133,5,793.42,457.94,99.85,248.62,0.7891,-1,-1,-1
133,10,575.14,438.84,150.82,391.44,0.6248,-1,-1,-1
134,2,685.06,434.51,103.39,333.01,0.7910,-1,-1,-1
134,5,795.15,454.86,100.88,251.11,0.7736,-1,-1,-1
134,10,577.24,439.54,149.29,390.68,0.6258,-1,-1,-1
135,2,685.77,433.09,103.59,333.26,0.7845,-1,-1,-1
135,5,793.97,451.90,102.44,254.66,0.7166,-1,-1,-1
135,10,576.58,439.93,148.99,391.39,0.6394,-1,-1,-1
136,2,686.46,433.05,103.55,332.49,0.7736,-1,-1,-1
136,5,793.79,450.98,102.74,256.20,0.7076,-1,-1,-1
136,10,573.92,439.47,150.41,395.62,0.6531,-1,-1,-1
137,2,691.92,433.60,102.72,329.97,0.7812,-1,-1,-1
137,5,794.93,452.42,102.00,255.63,0.7601,-1,-1,-1
137,10,577.64,437.39,152.71,408.49,0.6708,-1,-1,-1
138,2,692.56,433.91,103.36,330.61,0.7634,-1,-1,-1
138,5,797.53,451.22,102.26,258.69,0.7548,-1,-1,-1
138,10,578.53,437.01,153.97,417.74,0.6509,-1,-1,-1
139,2,694.66,433.52,104.07,331.97,0.7558,-1,-1,-1
139,5,801.10,450.04,102.13,261.29,0.7271,-1,-1,-1
139,10,572.65,438.55,154.15,417.74,0.6134,-1,-1,-1
140,2,696.03,433.96,104.90,331.78,0.7594,-1,-1,-1
140,5,802.65,451.62,100.43,262.85,0.6994,-1,-1,-1
140,10,569.75,438.39,154.59,417.70,0.5618,-1,-1,-1
141,2,696.64,433.12,106.58,334.05,0.7575,-1,-1,-1
141,5,807.13,451.61,98.64,262.40,0.6511,-1,-1,-1
141,10,565.79,438.39,155.88,419.05,0.5603,-1,-1,-1
142,2,700.40,433.35,108.03,332.50,0.7614,-1,-1,-1
142,5,809.76,448.29,99.45,267.80,0.6417,-1,-1,-1
142,10,562.70,438.67,155.99,415.44,0.5183,-1,-1,-1
143,2,703.70,435.32,109.58,330.74,0.7707,-1,-1,-1
143,5,811.90,447.57,98.26,268.04,0.6267,-1,-1,-1
143,10,568.32,435.51,158.40,427.25,0.5327,-1,-1,-1
144,2,705.67,436.24,112.55,331.51,0.7510,-1,-1,-1
144,5,815.00,448.35,96.24,265.62,0.5448,-1,-1,-1
144,10,556.08,436.96,162.85,433.39,0.5175,-1,-1,-1
145,2,707.20,437.88,115.23,330.68,0.7511,-1,-1,-1
145,5,818.45,453.26,92.80,258.81,0.5678,-1,-1,-1
145,10,550.25,437.09,166.71,439.50,0.6339,-1,-1,-1
146,2,708.64,438.30,117.84,331.12,0.7430,-1,-1,-1
146,5,821.42,454.33,91.03,256.47,0.6558,-1,-1,-1
146,10,547.04,438.41,169.72,444.17,0.7284,-1,-1,-1
147,2,709.56,437.94,120.40,333.59,0.7977,-1,-1,-1
147,5,823.80,456.90,89.22,253.44,0.6119,-1,-1,-1
147,10,545.07,439.91,172.00,448.05,0.7202,-1,-1,-1
148,2,710.07,437.68,121.85,333.54,0.7744,-1,-1,-1
148,5,825.61,456.93,88.96,254.07,0.6526,-1,-1,-1
148,10,543.44,440.52,174.15,451.70,0.7250,-1,-1,-1
149,2,711.27,437.53,123.59,336.11,0.8076,-1,-1,-1
149,5,828.01,456.45,88.28,253.41,0.6589,-1,-1,-1
149,10,542.49,439.29,175.17,455.25,0.7301,-1,-1,-1
150,2,712.37,436.54,124.65,338.16,0.8110,-1,-1,-1
150,5,829.61,452.86,89.15,257.11,0.6492,-1,-1,-1
150,10,543.34,437.55,176.01,458.38,0.7688,-1,-1,-1
150,11,885.62,440.29,85.52,238.96,0.6119,-1,-1,-1
