1,1,0.61,675.52,50.94,207.58,0.7037,-1,-1,-1
1,2,1370.39,514.35,33.77,100.00,0.6447,-1,-1,-1
1,3,1609.11,558.15,56.10,115.71,0.6023,-1,-1,-1
1,4,1526.19,561.34,46.58,112.37,0.4233,-1,-1,-1
1,5,121.73,708.25,52.92,96.51,0.4100,-1,-1,-1
1,6,500.83,551.07,35.87,89.52,0.3594,-1,-1,-1
2,1,-0.79,660.81,41.43,212.98,0.6570,-1,-1,-1
2,2,1372.53,513.44,33.56,101.18,0.6425,-1,-1,-1
2,3,1615.36,550.51,60.10,123.59,0.6602,-1,-1,-1
2,4,1531.88,558.97,48.23,115.39,0.5625,-1,-1,-1
2,5,109.43,699.19,50.61,95.81,0.5526,-1,-1,-1
2,6,500.16,536.21,38.59,94.58,0.3221,-1,-1,-1
3,1,-0.90,691.96,35.66,211.58,0.6504,-1,-1,-1
3,2,1374.10,508.47,37.35,105.51,0.5891,-1,-1,-1
3,3,1620.45,547.23,63.33,121.22,0.6539,-1,-1,-1
3,4,1537.84,552.56,49.66,117.67,0.6498,-1,-1,-1
3,5,105.37,724.54,45.90,97.02,0.5264,-1,-1,-1
3,6,499.51,550.96,37.96,92.96,0.3648,-1,-1,-1
3,8,171.45,583.27,49.23,157.85,0.4275,-1,-1,-1
4,1,-0.86,702.67,24.46,170.17,0.3936,-1,-1,-1
4,2,1379.93,506.14,36.62,108.88,0.7124,-1,-1,-1
4,3,1629.81,547.69,63.11,125.43,0.7595,-1,-1,-1
4,4,1548.70,552.51,44.61,120.83,0.6529,-1,-1,-1
4,5,92.97,722.71,43.54,100.53,0.5896,-1,-1,-1
4,6,498.71,547.25,36.83,93.78,0.4333,-1,-1,-1
5,2,1384.62,515.00,34.38,110.74,0.7115,-1,-1,-1
5,3,1636.23,563.40,62.22,124.03,0.6361,-1,-1,-1
5,4,1551.11,561.80,49.38,121.99,0.3998,-1,-1,-1
5,5,78.05,715.45,43.81,103.25,0.5019,-1,-1,-1
5,6,496.40,540.50,34.20,96.30,0.4487,-1,-1,-1
5,9,1460.71,496.89,27.48,86.99,0.5460,-1,-1,-1
6,2,1391.24,526.91,31.60,108.71,0.6359,-1,-1,-1
6,3,1643.16,574.19,65.21,124.56,0.7573,-1,-1,-1
6,5,67.21,731.54,42.01,105.13,0.4842,-1,-1,-1
6,6,497.65,552.09,36.81,98.50,0.4641,-1,-1,-1
6,9,1464.62,506.19,26.84,88.24,0.5390,-1,-1,-1
6,8,142.95,581.14,54.99,164.49,0.4572,-1,-1,-1
7,2,1392.82,518.62,32.11,111.37,0.5820,-1,-1,-1
7,3,1650.53,570.38,65.38,128.16,0.7406,-1,-1,-1
7,5,51.92,731.56,41.75,108.50,0.3332,-1,-1,-1
7,6,494.14,541.25,36.80,102.99,0.3786,-1,-1,-1
7,9,1466.50,498.98,26.93,90.15,0.4664,-1,-1,-1
7,8,132.15,580.09,58.25,164.11,0.3909,-1,-1,-1
7,4,1563.29,567.01,54.14,126.37,0.5744,-1,-1,-1
8,2,1394.89,530.85,33.33,109.09,0.6718,-1,-1,-1
8,3,1657.54,577.94,66.27,129.95,0.6627,-1,-1,-1
8,5,35.86,740.99,43.49,109.00,0.4952,-1,-1,-1
8,6,493.04,548.01,35.92,102.48,0.3599,-1,-1,-1
8,9,1467.53,508.92,30.66,88.51,0.5230,-1,-1,-1
8,4,1569.74,579.79,52.12,124.09,0.5488,-1,-1,-1
9,2,1397.36,533.69,34.52,107.66,0.6747,-1,-1,-1
9,3,1663.87,583.35,66.38,132.29,0.6920,-1,-1,-1
9,5,17.37,737.94,46.38,114.88,0.6126,-1,-1,-1
9,6,490.76,549.23,35.82,99.21,0.3189,-1,-1,-1
9,9,1469.41,512.30,31.97,88.46,0.4327,-1,-1,-1
9,4,1576.58,587.31,51.00,124.02,0.5052,-1,-1,-1
9,12,1514.77,521.85,28.89,86.68,0.3444,-1,-1,-1
9,13,219.28,613.57,42.38,136.86,0.4330,-1,-1,-1
10,2,1398.60,542.51,35.40,107.06,0.6591,-1,-1,-1
10,3,1669.09,601.54,64.78,129.41,0.7865,-1,-1,-1
10,5,0.74,727.42,47.43,116.08,0.6397,-1,-1,-1
10,6,489.55,543.01,35.37,99.55,0.4576,-1,-1,-1
10,9,1472.01,523.53,30.37,87.84,0.3215,-1,-1,-1
10,4,1581.85,603.28,49.72,123.17,0.6845,-1,-1,-1
10,13,210.31,611.02,42.02,133.54,0.5095,-1,-1,-1
11,2,1400.97,530.67,37.20,106.89,0.6749,-1,-1,-1
11,3,1678.77,579.26,66.24,133.75,0.7657,-1,-1,-1
11,5,-4.34,749.30,42.53,119.29,0.4077,-1,-1,-1
11,9,1472.51,510.80,33.09,87.03,0.3871,-1,-1,-1
11,4,1589.21,587.09,51.86,125.70,0.6553,-1,-1,-1
11,13,201.16,615.15,45.23,142.49,0.4303,-1,-1,-1
11,8,85.59,589.21,59.55,170.84,0.3530,-1,-1,-1
12,2,1403.01,532.92,37.61,109.72,0.6856,-1,-1,-1
12,3,1686.75,588.06,65.17,133.20,0.7709,-1,-1,-1
12,9,1474.37,514.26,36.62,89.39,0.3874,-1,-1,-1
12,4,1595.95,592.17,53.02,127.95,0.7065,-1,-1,-1
12,13,192.26,609.35,47.08,150.27,0.5128,-1,-1,-1
12,8,77.10,591.95,57.66,168.28,0.3983,-1,-1,-1
13,2,1407.82,529.73,35.65,106.58,0.7171,-1,-1,-1
13,3,1693.93,590.29,64.43,132.66,0.7226,-1,-1,-1
13,9,1476.31,511.53,39.34,90.89,0.4241,-1,-1,-1
13,4,1600.49,594.10,55.41,127.28,0.6664,-1,-1,-1
13,13,175.97,581.21,53.10,164.63,0.5474,-1,-1,-1
14,2,1408.57,528.43,36.33,103.55,0.6684,-1,-1,-1
14,3,1701.95,583.32,63.46,133.33,0.6837,-1,-1,-1
14,4,1609.75,586.87,55.80,129.09,0.6282,-1,-1,-1
14,13,166.94,596.60,53.01,165.50,0.3145,-1,-1,-1
14,8,53.46,584.53,56.61,175.45,0.3519,-1,-1,-1
15,2,1412.04,531.01,35.99,105.62,0.5294,-1,-1,-1
15,3,1710.78,584.99,62.36,137.25,0.7500,-1,-1,-1
15,4,1619.03,591.30,53.47,129.70,0.7189,-1,-1,-1
16,2,1416.38,533.29,34.73,105.02,0.5458,-1,-1,-1
16,3,1717.19,591.28,60.93,136.64,0.7422,-1,-1,-1
16,4,1626.56,594.41,55.14,130.54,0.6976,-1,-1,-1
16,15,515.93,536.81,35.88,106.40,0.4636,-1,-1,-1
16,6,477.91,540.58,34.70,102.76,0.3862,-1,-1,-1
16,8,33.15,583.04,54.83,176.23,0.4577,-1,-1,-1
17,2,1417.99,532.65,36.89,107.41,0.6035,-1,-1,-1
17,3,1723.53,589.31,62.03,138.63,0.7096,-1,-1,-1
17,4,1634.28,589.70,54.77,133.57,0.6952,-1,-1,-1
17,15,513.09,540.27,38.01,107.03,0.4907,-1,-1,-1
17,6,475.78,543.73,35.74,102.87,0.5147,-1,-1,-1
17,8,20.38,588.59,54.14,180.46,0.3848,-1,-1,-1
17,13,133.55,601.06,48.67,171.24,0.4308,-1,-1,-1
18,2,1420.49,533.28,37.15,108.54,0.6993,-1,-1,-1
18,3,1732.65,593.14,61.27,138.11,0.7042,-1,-1,-1
18,4,1643.53,591.07,54.51,134.83,0.6255,-1,-1,-1
18,15,513.09,540.83,38.04,106.47,0.5021,-1,-1,-1
18,6,474.63,541.61,37.54,104.56,0.5551,-1,-1,-1
18,8,8.72,589.31,54.24,184.83,0.3945,-1,-1,-1
19,2,1422.61,534.04,37.83,108.07,0.7342,-1,-1,-1
19,3,1741.24,594.71,62.57,139.06,0.7481,-1,-1,-1
19,4,1651.09,592.08,54.79,135.34,0.4434,-1,-1,-1
19,15,511.46,540.30,39.37,107.61,0.5126,-1,-1,-1
19,6,473.30,540.34,37.78,105.94,0.5131,-1,-1,-1
19,8,-0.18,588.54,50.68,186.04,0.3763,-1,-1,-1
20,2,1424.17,534.55,38.52,106.73,0.7477,-1,-1,-1
20,3,1749.72,596.26,62.67,139.77,0.7429,-1,-1,-1
20,4,1659.04,593.37,52.88,135.31,0.6052,-1,-1,-1
20,15,508.07,537.90,41.02,113.70,0.4847,-1,-1,-1
20,6,471.27,543.93,37.66,106.70,0.4014,-1,-1,-1
20,8,-3.43,595.24,41.65,185.28,0.4794,-1,-1,-1
21,2,1426.29,533.64,39.80,110.64,0.6908,-1,-1,-1
21,3,1758.39,598.12,62.75,140.61,0.7462,-1,-1,-1
21,4,1666.98,596.65,54.46,137.11,0.6871,-1,-1,-1
21,15,506.62,538.83,40.10,114.04,0.5237,-1,-1,-1
21,6,468.72,548.06,35.58,102.67,0.4583,-1,-1,-1
21,8,-3.59,610.88,28.62,171.21,0.3771,-1,-1,-1
22,2,1429.48,537.15,40.11,105.12,0.6691,-1,-1,-1
22,3,1770.55,601.31,60.76,139.05,0.7483,-1,-1,-1
22,4,1674.87,597.92,54.48,140.16,0.6264,-1,-1,-1
22,15,504.51,543.35,38.11,112.46,0.5124,-1,-1,-1
22,6,465.73,550.72,36.32,103.52,0.5558,-1,-1,-1
23,2,1431.29,538.54,40.32,108.45,0.6631,-1,-1,-1
23,3,1779.12,601.20,62.46,144.03,0.7717,-1,-1,-1
23,4,1681.46,600.38,55.88,142.58,0.7254,-1,-1,-1
23,15,500.16,547.04,41.03,109.76,0.5497,-1,-1,-1
23,6,465.25,549.73,34.73,105.62,0.4278,-1,-1,-1
24,2,1435.15,532.28,39.15,113.80,0.6539,-1,-1,-1
24,3,1788.24,595.08,64.64,149.76,0.7111,-1,-1,-1
24,4,1687.20,600.52,58.25,143.16,0.7311,-1,-1,-1
24,15,496.87,552.24,39.20,106.84,0.4579,-1,-1,-1
24,6,461.38,550.48,40.07,108.01,0.4739,-1,-1,-1
25,2,1438.06,535.87,40.44,119.23,0.6621,-1,-1,-1
25,3,1797.64,603.72,66.61,148.81,0.7095,-1,-1,-1
25,4,1695.92,607.55,56.64,147.42,0.7278,-1,-1,-1
25,15,496.13,553.10,38.90,108.67,0.4673,-1,-1,-1
25,6,458.45,548.12,43.00,113.22,0.4381,-1,-1,-1
26,2,1440.41,538.29,43.03,119.33,0.7230,-1,-1,-1
26,3,1807.36,607.94,68.35,147.61,0.5900,-1,-1,-1
26,4,1704.25,611.70,58.51,149.54,0.7248,-1,-1,-1
26,15,494.96,550.31,40.15,113.01,0.5505,-1,-1,-1
26,6,457.04,549.07,42.24,113.40,0.5107,-1,-1,-1
26,17,1530.22,519.90,27.96,86.07,0.4781,-1,-1,-1
27,2,1443.35,541.55,41.95,115.70,0.7473,-1,-1,-1
27,3,1814.56,611.40,73.07,150.31,0.6523,-1,-1,-1
27,4,1711.21,615.53,59.65,149.55,0.6736,-1,-1,-1
27,15,492.94,559.84,40.01,106.94,0.6101,-1,-1,-1
27,6,453.11,555.99,42.89,110.77,0.3937,-1,-1,-1
27,17,1531.37,521.15,31.81,86.36,0.6918,-1,-1,-1
28,2,1446.80,544.89,44.66,112.28,0.7280,-1,-1,-1
28,3,1823.06,611.49,74.63,155.48,0.7715,-1,-1,-1
28,4,1718.63,617.15,60.22,151.89,0.6737,-1,-1,-1
28,15,491.46,564.50,39.73,103.87,0.5865,-1,-1,-1
28,6,450.81,558.50,42.14,109.70,0.3524,-1,-1,-1
28,17,1534.32,525.17,33.89,84.07,0.5366,-1,-1,-1
29,2,1451.23,550.90,41.07,110.79,0.7081,-1,-1,-1
29,3,1830.09,620.43,75.27,159.03,0.6925,-1,-1,-1
29,4,1725.65,623.92,60.28,158.33,0.7233,-1,-1,-1
29,15,490.89,568.03,38.32,100.03,0.5287,-1,-1,-1
29,6,449.01,562.00,41.20,106.05,0.4895,-1,-1,-1
29,17,1536.34,527.29,34.24,89.55,0.5617,-1,-1,-1
30,2,1453.86,550.69,42.06,111.52,0.6417,-1,-1,-1
30,3,1836.80,621.03,78.51,153.63,0.6343,-1,-1,-1
30,4,1737.00,624.48,59.88,159.70,0.7528,-1,-1,-1
30,15,488.63,574.85,38.77,101.51,0.5004,-1,-1,-1
30,6,444.40,566.45,42.96,109.88,0.6151,-1,-1,-1
30,17,1538.73,525.79,34.79,91.52,0.5648,-1,-1,-1
31,2,1457.28,552.67,42.52,118.42,0.6285,-1,-1,-1
31,3,1850.77,626.39,71.98,151.11,0.6390,-1,-1,-1
31,4,1749.23,628.53,59.23,156.31,0.5785,-1,-1,-1
31,15,488.03,581.68,38.54,108.33,0.4165,-1,-1,-1
31,6,442.88,579.67,41.33,109.76,0.5757,-1,-1,-1
31,17,1542.93,526.34,34.23,96.20,0.4866,-1,-1,-1
32,2,1460.35,556.45,40.05,119.24,0.6370,-1,-1,-1
32,3,1857.70,634.57,63.70,158.47,0.6872,-1,-1,-1
32,4,1756.34,632.74,59.92,155.81,0.6769,-1,-1,-1
32,15,487.27,575.03,38.57,108.32,0.5267,-1,-1,-1
32,6,441.77,573.67,41.11,108.15,0.5729,-1,-1,-1
32,17,1545.52,529.59,33.63,93.25,0.5976,-1,-1,-1
33,2,1464.42,542.67,41.88,124.00,0.7429,-1,-1,-1
33,3,1869.65,622.34,53.24,166.85,0.6662,-1,-1,-1
33,4,1767.17,620.87,60.20,153.88,0.6461,-1,-1,-1
33,15,484.51,567.13,37.59,107.98,0.4873,-1,-1,-1
33,6,439.50,563.21,39.97,108.87,0.5151,-1,-1,-1
33,17,1549.68,517.86,33.62,91.53,0.6533,-1,-1,-1
34,2,1468.45,544.54,41.83,124.76,0.7610,-1,-1,-1
34,3,1880.72,631.33,41.67,151.83,0.5550,-1,-1,-1
34,4,1775.08,620.84,63.82,156.43,0.7453,-1,-1,-1
34,15,481.05,568.47,38.80,112.26,0.5207,-1,-1,-1
34,6,437.02,572.05,39.70,105.42,0.4813,-1,-1,-1
34,17,1553.25,518.20,33.00,92.99,0.5972,-1,-1,-1
35,2,1471.32,539.51,44.38,125.98,0.7299,-1,-1,-1
35,4,1784.62,621.11,65.77,158.05,0.6379,-1,-1,-1
35,15,478.85,559.66,38.62,111.59,0.3760,-1,-1,-1
35,6,435.55,564.75,39.65,103.77,0.4298,-1,-1,-1
35,17,1559.80,515.23,31.45,92.98,0.5334,-1,-1,-1
36,2,1476.74,536.25,43.86,128.81,0.7514,-1,-1,-1
36,4,1794.21,618.01,69.20,165.35,0.7064,-1,-1,-1
36,15,475.34,553.14,39.13,116.96,0.3022,-1,-1,-1
36,6,432.21,562.36,41.14,104.93,0.3527,-1,-1,-1
36,17,1565.10,514.45,30.96,91.65,0.3399,-1,-1,-1
37,2,1480.94,537.37,42.19,127.70,0.7195,-1,-1,-1
37,4,1801.31,621.63,73.86,168.79,0.7729,-1,-1,-1
37,15,470.75,541.61,41.70,123.83,0.4701,-1,-1,-1
37,6,429.68,553.85,39.21,109.27,0.3535,-1,-1,-1
37,17,1570.32,514.53,32.06,92.09,0.4271,-1,-1,-1
38,2,1484.66,532.71,41.52,129.71,0.7105,-1,-1,-1
38,4,1809.75,616.43,77.43,175.63,0.7811,-1,-1,-1
38,15,466.60,541.05,43.89,124.92,0.5374,-1,-1,-1
38,6,426.14,551.69,39.63,113.80,0.4980,-1,-1,-1
38,17,1574.79,504.82,31.57,95.97,0.4790,-1,-1,-1
39,2,1488.96,537.84,42.19,128.59,0.7030,-1,-1,-1
39,4,1821.93,627.88,76.29,175.48,0.7505,-1,-1,-1
39,15,465.55,530.54,43.46,127.64,0.4775,-1,-1,-1
39,6,423.90,542.80,39.15,115.11,0.4522,-1,-1,-1
39,17,1581.37,507.81,32.94,96.94,0.5142,-1,-1,-1
40,2,1492.01,535.98,41.96,127.41,0.7111,-1,-1,-1
40,4,1833.49,625.98,76.07,177.81,0.7794,-1,-1,-1
40,15,464.20,536.78,43.51,124.49,0.4696,-1,-1,-1
40,6,420.24,542.18,39.35,119.59,0.3850,-1,-1,-1
40,17,1583.34,501.11,35.47,102.16,0.3280,-1,-1,-1
41,2,1496.09,545.06,43.25,122.05,0.6972,-1,-1,-1
41,4,1845.42,633.22,74.67,180.15,0.7577,-1,-1,-1
41,15,463.42,536.98,44.37,122.56,0.4696,-1,-1,-1
41,6,419.55,536.54,39.92,123.69,0.4087,-1,-1,-1
41,17,1589.70,502.97,37.99,105.30,0.4960,-1,-1,-1
42,2,1500.80,547.75,43.26,120.96,0.6868,-1,-1,-1
42,4,1857.21,637.55,66.37,180.77,0.6916,-1,-1,-1
42,15,461.84,543.28,46.02,118.85,0.4622,-1,-1,-1
42,6,418.28,536.74,42.66,126.79,0.5487,-1,-1,-1
42,17,1594.55,506.33,36.00,102.70,0.5748,-1,-1,-1
43,2,1505.43,549.91,42.73,122.19,0.6678,-1,-1,-1
43,4,1869.60,644.22,53.77,174.12,0.6621,-1,-1,-1
43,15,457.98,534.84,47.19,130.01,0.4131,-1,-1,-1
43,6,415.65,536.26,44.72,129.98,0.5425,-1,-1,-1
43,17,1597.40,510.84,34.57,99.56,0.5064,-1,-1,-1
43,20,502.19,528.37,33.96,89.45,0.3720,-1,-1,-1
44,2,1510.82,552.07,42.78,120.93,0.6220,-1,-1,-1
44,4,1881.58,649.39,41.36,169.10,0.6409,-1,-1,-1
44,15,452.63,532.85,49.23,135.65,0.4002,-1,-1,-1
44,6,415.15,535.77,44.59,132.77,0.3814,-1,-1,-1
44,17,1600.30,510.14,37.43,100.98,0.5301,-1,-1,-1
45,2,1515.83,556.32,43.60,127.13,0.7575,-1,-1,-1
45,4,1892.92,669.49,28.67,162.33,0.4757,-1,-1,-1
45,15,451.61,530.73,48.37,135.86,0.3258,-1,-1,-1
45,6,415.94,533.44,42.63,132.57,0.3758,-1,-1,-1
45,17,1604.69,514.24,39.51,101.89,0.5885,-1,-1,-1
46,2,1519.49,554.78,43.16,132.59,0.7570,-1,-1,-1
46,15,448.89,533.37,47.80,137.05,0.3441,-1,-1,-1
46,6,408.79,538.70,46.82,128.87,0.3123,-1,-1,-1
46,17,1608.15,514.69,39.96,101.14,0.5480,-1,-1,-1
47,2,1524.41,558.49,43.31,132.03,0.7205,-1,-1,-1
47,15,449.06,536.04,45.00,133.70,0.3277,-1,-1,-1
47,17,1616.73,524.27,36.08,95.19,0.5303,-1,-1,-1
48,2,1527.73,559.95,44.71,133.27,0.7090,-1,-1,-1
48,15,447.74,542.88,45.26,132.29,0.3629,-1,-1,-1
48,17,1620.73,527.30,33.37,92.65,0.6493,-1,-1,-1
48,6,403.54,536.58,47.62,134.50,0.3399,-1,-1,-1
49,2,1533.10,560.28,44.82,135.82,0.7107,-1,-1,-1
49,15,446.14,548.32,44.31,128.27,0.5423,-1,-1,-1
49,17,1625.77,532.52,31.95,91.26,0.7156,-1,-1,-1
49,6,398.84,550.06,44.90,123.73,0.4164,-1,-1,-1
50,2,1537.60,557.37,45.77,137.30,0.6966,-1,-1,-1
50,15,444.93,556.09,43.53,120.40,0.5618,-1,-1,-1
50,17,1631.17,530.40,29.06,90.32,0.4166,-1,-1,-1
50,6,397.34,553.28,44.12,119.52,0.3637,-1,-1,-1
51,2,1542.17,561.13,46.25,137.83,0.6992,-1,-1,-1
51,15,442.55,564.44,43.07,112.25,0.5522,-1,-1,-1
51,17,1636.92,533.94,29.38,89.69,0.6433,-1,-1,-1
51,6,396.43,551.47,44.06,120.42,0.4895,-1,-1,-1
52,2,1546.08,558.69,49.35,145.65,0.7092,-1,-1,-1
52,15,441.53,568.26,41.53,109.74,0.5690,-1,-1,-1
52,17,1640.15,532.82,29.97,90.60,0.5623,-1,-1,-1
52,6,394.98,551.76,45.29,122.55,0.5372,-1,-1,-1
52,25,335.27,562.06,36.99,112.54,0.5025,-1,-1,-1
53,2,1550.37,557.30,51.09,150.78,0.6876,-1,-1,-1
53,15,439.18,566.80,43.55,112.90,0.5363,-1,-1,-1
53,17,1644.22,533.77,30.06,89.64,0.5337,-1,-1,-1
53,6,392.39,550.83,45.70,126.02,0.5311,-1,-1,-1
53,25,329.69,558.65,40.29,118.17,0.4316,-1,-1,-1
53,26,635.89,536.78,30.93,90.37,0.4406,-1,-1,-1
54,2,1553.29,556.83,52.37,153.37,0.7243,-1,-1,-1
54,15,436.51,567.44,44.24,112.76,0.5620,-1,-1,-1
54,17,1648.33,534.09,30.22,89.31,0.5927,-1,-1,-1
54,6,388.56,548.86,45.57,128.62,0.5157,-1,-1,-1
54,25,327.20,561.18,41.49,113.50,0.5001,-1,-1,-1
54,26,635.22,535.24,31.41,90.81,0.3953,-1,-1,-1
55,2,1557.62,554.50,52.66,157.53,0.7489,-1,-1,-1
55,15,434.69,564.00,44.47,116.98,0.4615,-1,-1,-1
55,17,1653.11,533.56,31.81,91.21,0.6041,-1,-1,-1
55,6,384.86,544.74,45.87,133.15,0.5710,-1,-1,-1
55,25,325.16,559.35,43.09,113.96,0.4942,-1,-1,-1
55,26,635.53,535.56,30.46,90.62,0.3400,-1,-1,-1
56,2,1562.23,553.97,52.23,157.49,0.7373,-1,-1,-1
56,15,431.22,563.54,43.60,118.23,0.3546,-1,-1,-1
56,17,1656.62,527.59,34.98,98.37,0.7227,-1,-1,-1
56,6,382.58,549.14,44.26,129.06,0.5221,-1,-1,-1
56,25,320.64,557.91,45.58,115.72,0.5542,-1,-1,-1
56,26,632.90,535.96,27.32,92.28,0.3524,-1,-1,-1
57,2,1567.11,551.55,53.27,157.80,0.7168,-1,-1,-1
57,15,426.72,561.60,43.96,119.29,0.4543,-1,-1,-1
57,17,1659.18,521.40,36.63,102.69,0.7179,-1,-1,-1
57,6,379.94,550.15,43.92,128.14,0.5247,-1,-1,-1
57,25,315.19,556.57,46.37,117.80,0.4610,-1,-1,-1
57,26,630.86,535.93,27.59,92.70,0.3481,-1,-1,-1
58,2,1571.23,555.23,53.20,153.76,0.6330,-1,-1,-1
58,15,422.00,559.30,44.71,120.33,0.4634,-1,-1,-1
58,17,1661.53,515.52,37.08,106.93,0.6824,-1,-1,-1
58,6,377.10,547.42,43.35,129.80,0.5754,-1,-1,-1
58,25,309.80,554.31,47.61,117.22,0.4667,-1,-1,-1
58,26,630.62,536.02,27.20,91.35,0.3272,-1,-1,-1
59,2,1577.43,561.05,51.15,149.04,0.6308,-1,-1,-1
59,15,418.72,559.67,45.41,118.21,0.4145,-1,-1,-1
59,17,1664.23,511.15,40.05,110.82,0.6578,-1,-1,-1
59,6,374.33,543.83,41.96,131.49,0.5620,-1,-1,-1
59,25,306.38,550.80,47.82,120.35,0.4357,-1,-1,-1
59,26,627.69,535.38,28.28,90.55,0.3698,-1,-1,-1
60,2,1581.33,560.09,51.48,151.17,0.6268,-1,-1,-1
60,15,416.48,562.81,47.02,115.38,0.3870,-1,-1,-1
60,17,1665.70,510.34,41.67,111.16,0.7210,-1,-1,-1
60,6,370.13,546.05,41.20,129.43,0.5510,-1,-1,-1
60,25,303.18,553.85,47.92,117.48,0.3951,-1,-1,-1
61,2,1585.18,549.95,52.74,156.66,0.6205,-1,-1,-1
61,15,414.11,562.21,47.86,117.52,0.4222,-1,-1,-1
61,17,1666.67,507.14,44.31,108.71,0.7169,-1,-1,-1
61,6,365.41,549.18,44.00,128.46,0.4771,-1,-1,-1
61,25,298.87,558.30,49.60,115.17,0.4345,-1,-1,-1
62,2,1589.91,556.10,53.45,156.30,0.7001,-1,-1,-1
62,15,412.90,552.56,44.12,124.28,0.3490,-1,-1,-1
62,17,1671.22,517.68,44.25,105.04,0.5488,-1,-1,-1
62,6,361.72,542.38,45.79,130.55,0.4603,-1,-1,-1
62,25,296.34,551.64,49.23,115.44,0.4384,-1,-1,-1
62,26,622.80,531.15,27.24,93.92,0.3752,-1,-1,-1
63,2,1596.10,543.02,55.06,155.39,0.6411,-1,-1,-1
63,15,411.48,571.10,45.93,120.41,0.3700,-1,-1,-1
63,17,1678.48,509.99,41.26,96.50,0.5719,-1,-1,-1
63,6,359.41,562.98,45.91,128.29,0.4003,-1,-1,-1
63,25,293.62,571.91,49.07,115.34,0.4958,-1,-1,-1
64,2,1600.26,562.63,55.41,153.44,0.6265,-1,-1,-1
64,15,404.57,549.64,45.17,127.47,0.3328,-1,-1,-1
64,17,1687.32,529.66,35.32,95.13,0.6374,-1,-1,-1
64,6,356.84,541.81,44.73,133.67,0.4848,-1,-1,-1
64,25,290.98,551.64,45.98,117.63,0.4852,-1,-1,-1
64,26,621.02,531.09,26.16,95.61,0.3509,-1,-1,-1
65,2,1603.16,561.71,56.61,151.07,0.7297,-1,-1,-1
65,15,401.16,559.26,45.48,123.32,0.3862,-1,-1,-1
65,17,1690.62,528.62,33.97,90.58,0.6811,-1,-1,-1
65,6,350.53,550.58,46.73,132.00,0.4789,-1,-1,-1
65,25,287.38,560.14,44.53,116.87,0.5095,-1,-1,-1
66,2,1609.70,559.92,56.73,149.92,0.7218,-1,-1,-1
66,15,397.40,567.25,48.20,123.62,0.5012,-1,-1,-1
66,17,1697.01,520.70,33.95,91.56,0.6913,-1,-1,-1
66,6,347.45,558.65,47.68,134.20,0.6009,-1,-1,-1
66,25,286.49,568.45,42.48,114.95,0.5079,-1,-1,-1
66,28,467.19,560.23,30.42,73.10,0.4145,-1,-1,-1
67,2,1613.95,570.35,55.61,153.79,0.7347,-1,-1,-1
67,15,394.20,556.67,46.09,121.82,0.5553,-1,-1,-1
67,17,1699.74,537.02,34.10,90.98,0.6537,-1,-1,-1
67,6,343.15,543.70,48.29,135.77,0.5524,-1,-1,-1
67,25,281.72,547.69,41.70,121.13,0.3359,-1,-1,-1
67,28,460.11,551.43,30.59,70.94,0.3430,-1,-1,-1
68,2,1617.14,564.27,57.16,152.56,0.7318,-1,-1,-1
68,15,388.86,563.45,49.57,123.02,0.5489,-1,-1,-1
68,17,1701.86,528.60,33.91,89.83,0.5779,-1,-1,-1
68,6,340.12,555.65,47.98,131.86,0.5780,-1,-1,-1
68,25,277.59,560.68,41.85,119.32,0.4448,-1,-1,-1
68,28,454.60,559.09,31.12,72.55,0.4476,-1,-1,-1
69,2,1621.42,572.33,57.94,156.14,0.7563,-1,-1,-1
69,15,385.94,557.51,46.99,123.31,0.4938,-1,-1,-1
69,17,1704.70,538.91,34.37,90.84,0.6500,-1,-1,-1
69,6,334.27,545.63,50.21,136.98,0.4394,-1,-1,-1
69,25,272.65,551.46,40.44,125.02,0.4400,-1,-1,-1
69,28,450.63,554.44,28.59,73.57,0.4046,-1,-1,-1
70,2,1625.20,567.30,59.30,156.80,0.7757,-1,-1,-1
70,15,380.64,556.47,47.96,127.03,0.5873,-1,-1,-1
70,17,1705.74,535.15,34.98,92.23,0.5962,-1,-1,-1
70,6,330.02,545.53,50.55,138.93,0.5193,-1,-1,-1
70,25,266.99,550.08,42.89,129.28,0.3747,-1,-1,-1
70,28,443.72,555.44,30.14,74.59,0.4612,-1,-1,-1
71,2,1629.65,571.38,58.94,158.91,0.7564,-1,-1,-1
71,15,375.13,553.77,48.42,128.57,0.5607,-1,-1,-1
71,17,1707.12,537.44,34.98,93.22,0.6897,-1,-1,-1
71,6,327.93,546.17,48.45,136.46,0.5147,-1,-1,-1
71,28,436.72,553.50,32.68,75.68,0.3959,-1,-1,-1
71,26,598.70,539.45,28.52,97.13,0.3385,-1,-1,-1
72,2,1632.97,562.32,60.31,169.28,0.7885,-1,-1,-1
72,15,370.92,554.82,47.95,130.11,0.6105,-1,-1,-1
72,17,1707.37,535.99,35.98,91.77,0.6906,-1,-1,-1
72,6,325.04,550.68,49.11,134.55,0.6164,-1,-1,-1
72,28,429.46,555.59,34.51,75.66,0.4245,-1,-1,-1
72,30,502.87,534.93,36.33,107.09,0.3700,-1,-1,-1
73,2,1637.72,564.76,60.25,171.81,0.6738,-1,-1,-1
73,15,366.55,549.05,47.69,132.74,0.5836,-1,-1,-1
73,17,1708.88,539.47,38.07,93.90,0.5833,-1,-1,-1
73,6,318.00,544.27,50.85,137.66,0.4709,-1,-1,-1
73,28,424.38,552.13,31.97,74.87,0.4058,-1,-1,-1
73,30,500.05,534.49,35.14,105.99,0.3436,-1,-1,-1
74,2,1641.51,568.22,63.68,169.08,0.7210,-1,-1,-1
74,15,362.88,548.83,48.79,134.47,0.4973,-1,-1,-1
74,17,1711.09,536.61,37.75,93.46,0.5858,-1,-1,-1
74,6,314.33,543.85,50.00,140.18,0.3724,-1,-1,-1
74,28,417.76,553.47,34.25,74.50,0.4468,-1,-1,-1
75,2,1643.61,575.82,64.68,165.50,0.7429,-1,-1,-1
75,15,356.04,553.74,47.59,130.26,0.6082,-1,-1,-1
75,17,1711.99,539.22,37.84,93.54,0.5706,-1,-1,-1
75,6,306.43,547.21,49.57,136.21,0.4164,-1,-1,-1
75,28,411.62,554.13,33.45,75.85,0.3757,-1,-1,-1
75,26,580.67,536.83,28.81,103.68,0.3460,-1,-1,-1
76,2,1647.53,578.04,64.47,164.42,0.7341,-1,-1,-1
76,15,351.26,551.53,48.32,131.11,0.4953,-1,-1,-1
76,17,1712.98,539.31,38.32,91.69,0.5478,-1,-1,-1
76,6,296.32,543.51,55.33,140.11,0.4755,-1,-1,-1
76,28,401.87,552.68,35.74,74.50,0.3273,-1,-1,-1
76,26,576.23,535.63,30.46,103.52,0.3407,-1,-1,-1
77,2,1649.34,580.70,67.08,163.61,0.7195,-1,-1,-1
77,15,343.98,550.36,48.55,132.54,0.6133,-1,-1,-1
77,17,1713.59,540.73,38.41,91.03,0.5368,-1,-1,-1
77,6,291.24,545.11,54.12,139.22,0.4480,-1,-1,-1
77,28,395.44,553.68,34.44,77.02,0.3709,-1,-1,-1
77,26,572.81,534.57,30.29,104.76,0.3860,-1,-1,-1
78,2,1652.65,581.55,68.20,164.42,0.7336,-1,-1,-1
78,15,339.78,551.75,48.06,132.89,0.5297,-1,-1,-1
78,17,1713.89,540.64,38.55,91.09,0.5829,-1,-1,-1
78,6,282.16,541.78,56.09,143.75,0.4271,-1,-1,-1
78,28,389.65,553.17,34.96,77.57,0.3429,-1,-1,-1
78,26,570.34,535.66,28.27,101.67,0.3059,-1,-1,-1
79,2,1653.83,584.55,71.61,162.87,0.7503,-1,-1,-1
79,15,333.76,548.78,49.59,135.60,0.5562,-1,-1,-1
79,17,1713.40,540.49,38.92,90.57,0.5743,-1,-1,-1
79,6,272.25,538.48,60.26,145.54,0.5009,-1,-1,-1
79,28,382.75,552.26,33.96,77.12,0.3437,-1,-1,-1
79,30,463.61,529.83,39.16,114.66,0.3435,-1,-1,-1
80,2,1654.28,582.14,74.70,166.37,0.7249,-1,-1,-1
80,15,326.95,552.40,50.01,134.70,0.6084,-1,-1,-1
80,17,1712.63,536.79,39.64,91.55,0.6115,-1,-1,-1
80,6,263.14,537.95,63.68,148.02,0.5575,-1,-1,-1
80,28,373.45,554.17,35.35,76.86,0.3363,-1,-1,-1
80,30,455.41,529.95,43.40,118.29,0.4903,-1,-1,-1
81,2,1657.02,582.23,73.57,166.92,0.7504,-1,-1,-1
81,15,319.65,552.81,51.00,133.97,0.5708,-1,-1,-1
81,17,1711.80,536.31,39.43,91.37,0.5704,-1,-1,-1
81,6,264.14,546.26,55.11,137.26,0.3501,-1,-1,-1
81,28,367.88,554.06,34.20,75.21,0.4967,-1,-1,-1
81,30,450.95,530.41,45.24,120.11,0.3342,-1,-1,-1
81,31,148.14,556.88,45.62,132.17,0.3818,-1,-1,-1
82,2,1659.68,583.11,72.83,170.06,0.7395,-1,-1,-1
82,15,312.28,554.66,49.85,132.38,0.4983,-1,-1,-1
82,17,1711.93,537.12,37.25,91.14,0.6128,-1,-1,-1
82,6,260.76,538.66,51.59,145.02,0.3820,-1,-1,-1
82,28,359.71,554.71,34.61,76.38,0.3522,-1,-1,-1
82,31,139.05,556.31,49.11,135.23,0.4349,-1,-1,-1
83,2,1665.10,582.53,68.92,171.90,0.7061,-1,-1,-1
83,15,304.93,558.20,51.36,131.15,0.6694,-1,-1,-1
83,17,1712.00,536.78,36.10,91.01,0.5894,-1,-1,-1
83,6,255.98,541.66,48.49,145.35,0.4586,-1,-1,-1
83,28,354.96,558.17,32.45,74.38,0.3571,-1,-1,-1
83,31,130.03,559.03,51.56,133.52,0.5458,-1,-1,-1
83,30,439.65,536.99,42.94,115.60,0.3829,-1,-1,-1
84,2,1665.21,580.09,72.71,176.77,0.7242,-1,-1,-1
84,15,296.53,561.88,54.23,128.54,0.5318,-1,-1,-1
84,17,1712.57,535.38,34.75,92.20,0.5715,-1,-1,-1
84,6,245.54,549.43,52.17,140.40,0.5413,-1,-1,-1
84,28,346.65,558.04,32.05,74.38,0.4252,-1,-1,-1
84,31,121.42,561.13,52.66,134.50,0.5341,-1,-1,-1
84,32,462.42,545.20,43.07,111.16,0.3908,-1,-1,-1
84,30,432.98,537.24,42.12,114.15,0.3586,-1,-1,-1
85,2,1667.67,581.33,72.72,179.66,0.7671,-1,-1,-1
85,15,290.71,562.57,51.51,129.12,0.5021,-1,-1,-1
85,17,1711.78,536.57,34.65,92.58,0.4764,-1,-1,-1
85,6,242.47,555.84,48.43,136.77,0.4785,-1,-1,-1
85,31,112.31,564.59,54.03,133.37,0.5264,-1,-1,-1
86,2,1671.38,580.83,71.18,179.82,0.7646,-1,-1,-1
86,15,284.29,561.78,49.91,131.33,0.5830,-1,-1,-1
86,17,1708.64,535.62,36.26,80.43,0.3145,-1,-1,-1
86,6,231.71,556.85,50.34,136.91,0.4305,-1,-1,-1
86,31,103.24,562.64,55.79,140.57,0.4138,-1,-1,-1
86,32,450.80,539.22,42.56,119.91,0.3605,-1,-1,-1
86,30,421.98,534.94,38.98,121.52,0.3419,-1,-1,-1
87,2,1672.56,584.17,72.24,180.32,0.7968,-1,-1,-1
87,15,278.99,563.67,51.53,132.27,0.5734,-1,-1,-1
87,6,224.77,556.52,50.39,139.10,0.4919,-1,-1,-1
87,31,95.51,562.23,59.02,137.73,0.5342,-1,-1,-1
87,34,383.02,554.42,35.55,97.45,0.5402,-1,-1,-1
87,32,442.39,545.09,42.26,117.78,0.3910,-1,-1,-1
87,30,414.78,537.46,39.98,121.02,0.3092,-1,-1,-1
88,2,1674.97,582.79,71.98,184.08,0.7977,-1,-1,-1
88,15,270.86,568.69,51.79,131.91,0.5029,-1,-1,-1
88,6,219.43,561.24,50.42,138.86,0.5733,-1,-1,-1
88,31,90.02,566.86,54.45,131.85,0.5030,-1,-1,-1
88,34,377.48,556.46,34.77,97.70,0.3989,-1,-1,-1
88,32,433.62,547.77,46.62,119.64,0.4156,-1,-1,-1
88,26,512.86,539.87,37.47,121.18,0.3389,-1,-1,-1
89,2,1678.52,584.28,70.42,188.57,0.8037,-1,-1,-1
89,15,265.02,567.27,51.59,132.18,0.4706,-1,-1,-1
89,6,214.55,558.47,48.70,142.67,0.3128,-1,-1,-1
89,31,83.24,563.04,54.37,135.53,0.4656,-1,-1,-1
89,34,368.82,554.84,31.67,98.37,0.4574,-1,-1,-1
89,32,429.73,546.32,43.69,122.53,0.5836,-1,-1,-1
90,2,1681.95,585.59,70.30,192.28,0.7568,-1,-1,-1
90,15,259.29,571.07,53.34,134.04,0.5301,-1,-1,-1
90,6,205.28,557.49,51.66,147.32,0.3254,-1,-1,-1
90,31,74.79,565.59,57.72,138.16,0.4846,-1,-1,-1
90,34,360.14,567.00,34.39,91.40,0.4281,-1,-1,-1
90,32,420.86,547.79,45.97,125.63,0.3054,-1,-1,-1
90,30,392.83,539.65,41.76,131.04,0.3598,-1,-1,-1
91,2,1684.63,595.27,72.46,188.67,0.7887,-1,-1,-1
91,15,249.96,558.85,63.60,149.01,0.4393,-1,-1,-1
91,6,199.75,559.96,51.01,146.31,0.3825,-1,-1,-1
91,31,67.52,566.71,56.60,141.21,0.4517,-1,-1,-1
91,34,354.04,570.99,33.57,89.08,0.3764,-1,-1,-1
91,32,413.94,550.45,46.32,125.40,0.5728,-1,-1,-1
91,30,385.29,545.60,42.56,124.93,0.3130,-1,-1,-1
92,2,1687.95,600.76,73.47,186.95,0.7964,-1,-1,-1
92,15,245.31,556.94,62.86,154.66,0.5456,-1,-1,-1
92,6,190.27,561.67,53.84,150.03,0.3345,-1,-1,-1
92,31,57.80,570.76,63.94,142.29,0.3359,-1,-1,-1
92,32,407.53,553.63,44.33,126.13,0.5375,-1,-1,-1
92,30,379.85,556.11,38.40,119.96,0.3352,-1,-1,-1
93,2,1689.29,605.34,73.99,187.00,0.8092,-1,-1,-1
93,15,241.01,566.96,56.23,146.06,0.5533,-1,-1,-1
93,6,184.58,555.34,53.60,159.98,0.5642,-1,-1,-1
93,32,400.96,556.09,44.21,127.23,0.5216,-1,-1,-1
93,30,371.13,555.03,36.78,125.83,0.3042,-1,-1,-1
93,34,338.96,579.99,33.12,88.40,0.4045,-1,-1,-1
94,2,1690.49,607.62,74.09,187.63,0.8040,-1,-1,-1
94,15,234.86,574.04,55.68,142.68,0.5421,-1,-1,-1
94,6,180.17,562.11,52.27,155.76,0.5233,-1,-1,-1
94,32,392.21,556.64,45.28,129.15,0.6202,-1,-1,-1
94,30,364.47,554.10,38.61,129.10,0.4128,-1,-1,-1
94,34,332.36,582.04,32.19,92.01,0.4827,-1,-1,-1
94,17,1697.44,540.86,38.87,82.62,0.3709,-1,-1,-1
95,2,1692.18,611.33,74.89,189.33,0.7915,-1,-1,-1
95,15,227.04,578.20,57.13,140.38,0.5212,-1,-1,-1
95,6,173.68,563.37,53.93,155.43,0.6019,-1,-1,-1
95,32,387.14,558.39,45.02,128.92,0.5344,-1,-1,-1
95,17,1694.64,542.37,40.74,90.73,0.4892,-1,-1,-1
96,2,1695.65,611.57,75.01,190.71,0.7886,-1,-1,-1
96,15,221.27,582.31,54.03,141.66,0.5758,-1,-1,-1
96,6,165.45,573.49,54.56,150.13,0.4634,-1,-1,-1
96,32,380.22,565.54,44.45,125.56,0.4838,-1,-1,-1
96,17,1693.32,541.63,43.16,94.50,0.5265,-1,-1,-1
96,30,352.76,558.22,35.05,130.06,0.3449,-1,-1,-1
96,34,316.82,584.74,32.23,89.78,0.4530,-1,-1,-1
97,2,1699.29,613.13,76.19,192.57,0.7860,-1,-1,-1
97,15,212.88,579.20,55.87,143.93,0.6522,-1,-1,-1
97,6,159.29,577.46,53.02,142.93,0.5563,-1,-1,-1
97,32,372.44,558.85,46.65,131.78,0.5171,-1,-1,-1
97,17,1692.26,544.16,42.83,94.58,0.5334,-1,-1,-1
97,30,344.01,553.06,38.38,133.73,0.4801,-1,-1,-1
97,34,308.66,578.68,33.87,96.98,0.5859,-1,-1,-1
98,2,1704.00,613.35,76.80,195.62,0.7919,-1,-1,-1
98,15,203.82,581.81,55.58,145.57,0.6216,-1,-1,-1
98,6,151.18,582.26,53.39,143.67,0.5599,-1,-1,-1
98,32,365.82,575.52,45.99,117.14,0.6109,-1,-1,-1
98,17,1690.89,545.52,41.58,95.47,0.5095,-1,-1,-1
98,30,335.98,560.11,39.39,131.01,0.3058,-1,-1,-1
99,2,1706.56,614.85,78.14,197.44,0.7603,-1,-1,-1
99,15,197.37,578.55,54.23,147.66,0.6654,-1,-1,-1
99,6,143.11,581.17,54.07,143.05,0.4824,-1,-1,-1
99,32,358.81,569.59,46.31,122.88,0.5577,-1,-1,-1
99,17,1688.56,546.08,42.13,100.84,0.5021,-1,-1,-1
99,30,329.55,557.12,37.37,132.45,0.4519,-1,-1,-1
99,34,290.59,587.21,34.39,90.16,0.4879,-1,-1,-1
100,2,1709.22,613.72,80.25,199.81,0.7946,-1,-1,-1
100,15,188.91,585.54,54.81,143.64,0.6085,-1,-1,-1
100,6,131.87,584.21,56.15,140.97,0.5672,-1,-1,-1
100,32,348.73,575.09,50.14,119.69,0.5459,-1,-1,-1
100,17,1685.75,547.52,42.55,101.71,0.6411,-1,-1,-1
100,30,319.98,560.69,38.98,132.03,0.4082,-1,-1,-1
100,34,281.25,587.93,35.33,94.89,0.5926,-1,-1,-1
100,26,441.84,562.77,32.77,105.86,0.4478,-1,-1,-1
101,2,1711.15,616.15,80.91,202.25,0.7865,-1,-1,-1
101,15,180.23,582.72,57.32,145.08,0.5850,-1,-1,-1
101,6,124.12,579.86,57.65,143.69,0.6033,-1,-1,-1
101,32,340.67,571.99,49.75,121.54,0.5708,-1,-1,-1
101,17,1684.58,550.12,40.07,103.23,0.7197,-1,-1,-1
101,30,310.35,572.09,37.79,119.27,0.3813,-1,-1,-1
101,34,273.00,588.32,34.06,92.35,0.4470,-1,-1,-1
101,26,434.53,561.38,34.01,107.05,0.3740,-1,-1,-1
102,2,1713.16,619.15,82.36,200.94,0.8136,-1,-1,-1
102,15,172.03,583.58,57.53,145.25,0.5693,-1,-1,-1
102,6,115.13,581.47,57.93,145.54,0.6262,-1,-1,-1
102,32,332.47,575.00,49.50,120.68,0.6190,-1,-1,-1
102,17,1683.93,550.12,38.00,103.67,0.7410,-1,-1,-1
102,30,302.26,578.64,36.20,114.43,0.3031,-1,-1,-1
102,34,262.83,592.61,35.59,89.34,0.5423,-1,-1,-1
102,26,430.90,561.74,31.72,109.42,0.3856,-1,-1,-1
102,39,389.34,573.71,43.17,126.20,0.3721,-1,-1,-1
103,2,1714.33,619.05,85.27,204.72,0.8262,-1,-1,-1
103,15,164.55,586.94,57.56,143.24,0.5183,-1,-1,-1
103,6,106.41,579.15,57.59,148.99,0.5525,-1,-1,-1
103,32,326.05,574.58,51.74,120.78,0.4853,-1,-1,-1
103,17,1683.18,550.12,36.76,103.08,0.7189,-1,-1,-1
103,34,255.68,590.23,36.25,96.55,0.4423,-1,-1,-1
103,26,423.72,561.70,31.52,108.08,0.3369,-1,-1,-1
103,39,384.94,571.12,40.26,128.21,0.3381,-1,-1,-1
103,40,1546.06,519.48,25.15,79.32,0.4540,-1,-1,-1
104,2,1715.64,623.92,86.60,207.03,0.8178,-1,-1,-1
104,15,154.96,589.02,52.87,139.15,0.4258,-1,-1,-1
104,6,95.99,576.69,58.26,149.79,0.5657,-1,-1,-1
104,32,316.23,576.86,50.98,117.40,0.3580,-1,-1,-1
104,17,1682.34,551.83,35.57,103.05,0.7075,-1,-1,-1
104,34,247.64,589.43,36.16,93.34,0.3085,-1,-1,-1
104,26,415.80,558.58,33.29,107.30,0.4466,-1,-1,-1
104,39,374.32,574.12,40.71,125.24,0.4726,-1,-1,-1
104,40,1545.39,521.73,23.10,77.01,0.3727,-1,-1,-1
105,2,1717.71,624.05,87.19,209.61,0.8057,-1,-1,-1
105,15,146.34,587.46,57.51,142.56,0.5509,-1,-1,-1
105,6,87.92,579.26,57.93,149.40,0.6009,-1,-1,-1
105,32,306.26,568.69,53.01,128.58,0.5166,-1,-1,-1
105,17,1681.21,549.88,34.85,103.75,0.6655,-1,-1,-1
105,34,238.41,591.83,37.24,92.17,0.4489,-1,-1,-1
105,26,408.86,559.28,34.26,113.85,0.4024,-1,-1,-1
105,39,367.60,570.42,40.96,131.77,0.3747,-1,-1,-1
106,2,1722.69,625.87,85.90,212.19,0.7799,-1,-1,-1
106,15,138.66,577.86,59.25,151.49,0.5310,-1,-1,-1
106,6,77.98,574.92,56.39,153.06,0.5599,-1,-1,-1
106,32,298.86,566.76,52.33,130.00,0.5016,-1,-1,-1
106,17,1678.97,549.66,34.20,105.65,0.6087,-1,-1,-1
106,34,228.16,589.64,36.68,95.29,0.3598,-1,-1,-1
106,39,360.53,567.06,39.98,135.21,0.5134,-1,-1,-1
106,40,1535.72,522.20,25.63,73.64,0.3972,-1,-1,-1
107,2,1726.27,623.26,85.10,216.14,0.7890,-1,-1,-1
107,15,130.57,583.35,56.87,147.09,0.4010,-1,-1,-1
107,6,68.62,573.13,58.23,155.51,0.5917,-1,-1,-1
107,32,288.63,560.29,53.48,137.43,0.4681,-1,-1,-1
107,17,1677.49,547.41,32.76,105.93,0.5536,-1,-1,-1
107,34,219.11,591.15,38.61,97.23,0.5192,-1,-1,-1
107,39,352.00,562.91,42.04,140.59,0.5354,-1,-1,-1
107,40,1532.81,520.61,27.84,76.31,0.4412,-1,-1,-1
107,30,257.78,588.86,36.88,114.00,0.3930,-1,-1,-1
107,26,394.04,560.58,34.59,107.39,0.5080,-1,-1,-1
108,2,1728.76,628.04,84.91,218.04,0.8030,-1,-1,-1
108,15,121.23,576.31,55.29,152.89,0.4990,-1,-1,-1
108,6,55.21,568.16,63.06,160.12,0.5359,-1,-1,-1
108,32,278.93,557.75,54.31,141.00,0.5478,-1,-1,-1
108,17,1676.62,549.31,31.21,106.70,0.4694,-1,-1,-1
108,34,210.02,587.08,37.52,100.39,0.5889,-1,-1,-1
108,39,342.58,561.80,44.37,141.92,0.5371,-1,-1,-1
108,40,1531.65,523.82,26.45,75.39,0.3922,-1,-1,-1
108,42,0.34,574.24,52.67,149.70,0.4789,-1,-1,-1
108,26,388.86,559.54,34.40,105.71,0.4565,-1,-1,-1
109,2,1730.87,628.34,86.08,221.44,0.8076,-1,-1,-1
109,15,113.39,574.79,57.84,156.61,0.4129,-1,-1,-1
109,6,44.98,569.34,63.62,160.20,0.4893,-1,-1,-1
109,32,268.18,566.96,55.36,136.78,0.4146,-1,-1,-1
109,17,1675.10,549.34,30.52,106.80,0.5373,-1,-1,-1
109,34,200.76,588.48,37.60,104.45,0.5079,-1,-1,-1
109,39,336.25,557.50,42.43,148.67,0.5920,-1,-1,-1
109,40,1527.36,522.80,27.00,74.85,0.3971,-1,-1,-1
109,42,-1.57,574.48,44.66,155.00,0.3691,-1,-1,-1
109,26,381.46,558.80,35.24,110.78,0.4563,-1,-1,-1
110,2,1732.29,629.39,86.37,224.93,0.8127,-1,-1,-1
110,15,103.76,571.96,56.40,158.53,0.5837,-1,-1,-1
110,6,32.22,567.05,68.18,162.19,0.5921,-1,-1,-1
110,32,254.83,556.41,58.94,146.89,0.5140,-1,-1,-1
110,17,1674.02,550.72,28.98,107.39,0.3544,-1,-1,-1
110,34,190.71,587.09,38.77,105.31,0.5302,-1,-1,-1
110,39,326.67,561.75,44.10,143.55,0.6133,-1,-1,-1
110,42,-0.80,571.62,33.97,155.06,0.3812,-1,-1,-1
110,26,374.16,557.21,35.07,108.95,0.4486,-1,-1,-1
111,2,1733.57,629.58,87.73,227.48,0.8115,-1,-1,-1
111,15,94.09,568.23,58.85,164.68,0.5886,-1,-1,-1
111,6,20.97,563.69,71.55,166.88,0.6223,-1,-1,-1
111,32,247.29,559.50,58.09,145.10,0.4755,-1,-1,-1
111,34,180.99,589.34,38.03,107.11,0.4031,-1,-1,-1
111,39,318.50,571.19,42.43,135.48,0.5317,-1,-1,-1
111,26,366.53,558.66,36.09,109.01,0.4498,-1,-1,-1
112,2,1734.83,632.25,89.63,228.23,0.8080,-1,-1,-1
112,15,84.36,572.63,59.56,161.69,0.5701,-1,-1,-1
112,6,9.37,566.55,76.44,166.05,0.5341,-1,-1,-1
112,32,238.55,567.48,56.26,138.84,0.5937,-1,-1,-1
112,34,170.83,592.61,36.60,103.56,0.4825,-1,-1,-1
112,39,307.85,570.88,41.50,138.64,0.5582,-1,-1,-1
112,26,357.57,559.57,36.81,111.46,0.5559,-1,-1,-1
113,2,1735.34,634.40,90.58,229.94,0.8039,-1,-1,-1
113,15,75.47,576.67,57.39,160.35,0.5790,-1,-1,-1
113,6,1.17,560.84,74.07,173.03,0.5961,-1,-1,-1
113,32,231.16,575.33,54.22,134.21,0.6197,-1,-1,-1
113,34,161.66,595.33,37.34,103.40,0.5199,-1,-1,-1
113,39,298.89,572.26,39.38,139.69,0.6007,-1,-1,-1
113,26,349.74,562.07,36.59,111.50,0.4348,-1,-1,-1
114,2,1737.52,635.06,90.23,230.98,0.7984,-1,-1,-1
114,15,63.19,567.94,59.62,169.22,0.6499,-1,-1,-1
114,6,1.03,571.49,62.79,164.21,0.5476,-1,-1,-1
114,32,218.77,580.95,55.01,129.34,0.5789,-1,-1,-1
114,34,151.55,597.47,34.88,102.94,0.6192,-1,-1,-1
114,39,290.25,571.97,41.48,141.17,0.4919,-1,-1,-1
114,26,341.37,564.55,36.67,109.45,0.5104,-1,-1,-1
115,2,1739.23,636.51,91.12,231.80,0.7915,-1,-1,-1
115,15,52.90,565.83,60.02,173.02,0.6516,-1,-1,-1
115,6,0.95,573.63,54.51,162.31,0.4662,-1,-1,-1
115,32,202.05,571.45,61.54,139.07,0.5423,-1,-1,-1
115,34,141.68,596.92,36.56,105.23,0.6164,-1,-1,-1
115,39,280.03,578.88,38.50,136.15,0.5716,-1,-1,-1
115,26,333.53,564.24,37.77,111.61,0.6417,-1,-1,-1
116,2,1741.08,636.43,91.70,234.96,0.7989,-1,-1,-1
116,15,43.76,571.82,58.29,170.22,0.6052,-1,-1,-1
116,6,-2.16,582.11,51.23,157.94,0.6271,-1,-1,-1
116,32,195.78,575.69,58.61,140.47,0.5416,-1,-1,-1
116,34,130.57,599.49,35.33,103.80,0.5737,-1,-1,-1
116,39,270.97,579.92,37.72,137.68,0.4738,-1,-1,-1
116,26,323.88,567.31,39.09,110.82,0.6120,-1,-1,-1
117,2,1741.44,638.66,93.75,238.28,0.8085,-1,-1,-1
117,15,32.68,573.70,59.38,170.38,0.5951,-1,-1,-1
117,6,-2.40,583.91,43.59,157.37,0.6280,-1,-1,-1
117,32,186.19,570.58,58.61,145.85,0.4908,-1,-1,-1
117,34,119.28,600.02,36.98,101.58,0.5760,-1,-1,-1
117,39,259.42,566.09,39.05,152.68,0.6098,-1,-1,-1
117,26,314.66,566.88,40.56,112.62,0.5427,-1,-1,-1
118,2,1742.78,637.39,95.80,243.99,0.8036,-1,-1,-1
118,15,22.09,577.23,60.22,169.60,0.5140,-1,-1,-1
118,6,-2.26,588.97,33.31,154.85,0.4959,-1,-1,-1
118,32,179.59,580.75,54.40,139.29,0.5471,-1,-1,-1
118,34,109.75,600.74,37.63,104.91,0.5085,-1,-1,-1
118,39,249.40,571.16,38.44,151.63,0.6612,-1,-1,-1
118,26,308.56,561.72,38.62,118.60,0.6467,-1,-1,-1
119,2,1745.55,639.70,99.18,246.02,0.8215,-1,-1,-1
119,15,11.27,572.62,61.60,177.62,0.5951,-1,-1,-1
119,32,169.46,579.34,54.18,144.48,0.4578,-1,-1,-1
119,34,100.10,601.72,35.10,105.55,0.4756,-1,-1,-1
119,39,239.65,565.40,40.21,159.65,0.6096,-1,-1,-1
119,26,299.71,563.43,39.67,118.42,0.5508,-1,-1,-1
119,43,1742.82,566.09,46.92,97.71,0.3530,-1,-1,-1
120,2,1747.88,643.77,103.24,245.57,0.8126,-1,-1,-1
120,15,4.89,565.42,58.00,188.08,0.5784,-1,-1,-1
120,32,158.51,582.83,53.50,143.94,0.6007,-1,-1,-1
120,34,89.52,601.67,34.11,111.08,0.4243,-1,-1,-1
120,39,226.78,571.38,42.33,157.35,0.6484,-1,-1,-1
120,26,290.77,561.75,39.98,123.13,0.5785,-1,-1,-1
120,43,1742.43,558.83,43.97,107.86,0.4102,-1,-1,-1
121,2,1751.45,645.23,104.16,248.33,0.8092,-1,-1,-1
121,15,-0.54,555.49,55.68,197.47,0.5797,-1,-1,-1
121,32,146.87,586.15,56.03,140.59,0.5885,-1,-1,-1
121,34,78.69,601.90,35.89,112.47,0.5915,-1,-1,-1
121,39,217.62,570.12,43.16,160.92,0.5591,-1,-1,-1
121,26,286.09,563.20,37.47,119.98,0.6308,-1,-1,-1
121,43,1741.32,555.31,43.67,113.84,0.4363,-1,-1,-1
122,2,1755.63,646.10,101.99,251.84,0.8083,-1,-1,-1
122,15,-3.43,555.82,48.82,200.03,0.6185,-1,-1,-1
122,32,138.88,592.88,53.55,140.78,0.5101,-1,-1,-1
122,34,67.30,605.17,36.01,110.89,0.4069,-1,-1,-1
122,39,205.11,573.47,46.91,159.91,0.6580,-1,-1,-1
122,26,275.53,564.22,40.14,120.56,0.6008,-1,-1,-1
122,43,1739.96,553.36,42.82,117.33,0.3941,-1,-1,-1
123,2,1760.09,649.72,98.70,254.49,0.8086,-1,-1,-1
123,15,-2.96,568.25,41.49,187.76,0.5678,-1,-1,-1
123,32,128.67,598.78,56.28,139.32,0.4503,-1,-1,-1
123,34,54.90,607.77,37.70,115.12,0.3156,-1,-1,-1
123,39,194.53,580.91,49.23,154.90,0.5960,-1,-1,-1
123,26,266.59,559.71,42.09,128.78,0.6607,-1,-1,-1
123,43,1739.55,554.67,42.11,119.61,0.4080,-1,-1,-1
124,2,1764.30,649.36,98.36,259.50,0.8160,-1,-1,-1
124,15,-2.98,587.88,30.42,170.59,0.4856,-1,-1,-1
124,34,42.62,608.96,37.72,116.69,0.3101,-1,-1,-1
124,39,184.44,587.76,48.29,150.08,0.6279,-1,-1,-1
124,26,260.29,567.45,39.34,123.03,0.5866,-1,-1,-1
124,43,1739.24,555.07,42.39,117.55,0.4155,-1,-1,-1
124,30,97.09,583.27,52.93,151.03,0.4444,-1,-1,-1
125,2,1768.96,648.54,102.03,262.12,0.8160,-1,-1,-1
125,34,31.60,611.36,36.20,114.36,0.4599,-1,-1,-1
125,39,173.81,590.35,50.97,149.20,0.6423,-1,-1,-1
125,26,251.37,570.19,39.93,121.22,0.5345,-1,-1,-1
125,43,1737.10,554.49,42.42,118.72,0.3317,-1,-1,-1
125,30,87.07,580.84,51.81,150.28,0.3180,-1,-1,-1
126,2,1773.22,650.70,103.76,263.11,0.8114,-1,-1,-1
126,34,20.41,614.43,38.13,113.39,0.4120,-1,-1,-1
126,39,161.32,595.74,53.56,146.75,0.5843,-1,-1,-1
126,26,243.07,567.63,39.92,126.28,0.5828,-1,-1,-1
127,2,1777.39,651.49,104.91,266.19,0.8200,-1,-1,-1
127,34,5.37,621.37,38.46,106.62,0.3591,-1,-1,-1
127,39,152.76,600.94,51.93,145.09,0.5949,-1,-1,-1
127,26,235.94,569.98,39.05,126.20,0.5794,-1,-1,-1
127,32,83.24,622.91,58.10,119.40,0.4737,-1,-1,-1
127,43,1729.08,556.08,42.60,109.51,0.3420,-1,-1,-1
128,2,1780.73,653.66,106.59,267.60,0.8193,-1,-1,-1
128,34,-2.11,621.39,32.15,109.33,0.3408,-1,-1,-1
128,39,141.52,603.02,54.15,144.50,0.5498,-1,-1,-1
128,26,225.42,563.20,40.53,133.37,0.6125,-1,-1,-1
128,50,546.70,527.86,32.41,68.72,0.4191,-1,-1,-1
128,32,71.47,623.47,59.13,119.41,0.4675,-1,-1,-1
128,43,1727.23,557.63,41.64,107.10,0.4015,-1,-1,-1
129,2,1785.41,656.08,110.79,269.47,0.8236,-1,-1,-1
129,34,-3.61,623.47,23.36,109.30,0.3118,-1,-1,-1
129,39,130.81,600.60,52.23,150.76,0.5154,-1,-1,-1
129,26,218.29,566.26,39.81,133.27,0.5914,-1,-1,-1
129,50,543.88,528.53,29.29,68.32,0.3434,-1,-1,-1
129,32,63.30,623.16,55.98,122.96,0.3575,-1,-1,-1
129,43,1726.45,557.12,39.54,108.40,0.3780,-1,-1,-1
130,2,1787.92,657.99,115.09,272.01,0.8219,-1,-1,-1
130,39,117.26,603.54,58.34,151.10,0.3295,-1,-1,-1
130,26,209.57,565.59,40.83,135.46,0.5546,-1,-1,-1
130,32,49.07,622.78,56.91,126.72,0.3906,-1,-1,-1
130,43,1724.53,557.04,36.85,113.72,0.3986,-1,-1,-1
130,30,29.17,586.20,52.24,159.11,0.4398,-1,-1,-1
131,2,1791.13,659.38,118.08,276.73,0.8319,-1,-1,-1
131,39,105.41,599.82,51.36,156.61,0.4307,-1,-1,-1
131,26,200.70,572.29,41.07,129.46,0.4724,-1,-1,-1
131,43,1717.51,557.55,41.83,117.99,0.4683,-1,-1,-1
131,30,14.61,587.76,53.90,153.61,0.4849,-1,-1,-1
131,50,533.35,526.39,29.26,71.64,0.4063,-1,-1,-1
132,2,1796.00,661.03,120.32,283.65,0.8652,-1,-1,-1
132,39,94.46,599.28,47.66,160.54,0.4306,-1,-1,-1
132,26,191.77,569.76,41.37,133.48,0.6432,-1,-1,-1
132,43,1714.43,555.87,43.74,119.73,0.4538,-1,-1,-1
132,30,2.54,585.53,52.57,159.09,0.5510,-1,-1,-1
133,2,1802.30,663.00,117.55,289.39,0.8824,-1,-1,-1
133,39,80.31,595.15,49.29,167.72,0.5457,-1,-1,-1
133,26,182.06,566.66,43.86,136.11,0.5320,-1,-1,-1
133,43,1712.37,557.13,45.36,120.15,0.4478,-1,-1,-1
133,30,-2.75,587.76,45.98,162.15,0.3456,-1,-1,-1
133,32,14.23,627.97,58.79,134.09,0.3583,-1,-1,-1
133,50,523.82,527.42,31.08,71.60,0.4531,-1,-1,-1
134,2,1807.24,665.03,113.99,294.75,0.8508,-1,-1,-1
134,39,50.73,580.91,66.55,188.11,0.4959,-1,-1,-1
134,26,173.43,567.23,42.18,138.30,0.5591,-1,-1,-1
134,43,1710.09,556.30,46.58,120.25,0.4811,-1,-1,-1
134,32,1.72,628.79,56.48,137.99,0.4838,-1,-1,-1
134,50,520.72,529.20,27.34,71.96,0.4260,-1,-1,-1
135,2,1811.15,665.93,110.24,301.32,0.8147,-1,-1,-1
135,39,32.42,574.44,74.08,198.23,0.5413,-1,-1,-1
135,26,165.74,569.83,40.83,138.19,0.5435,-1,-1,-1
135,43,1705.70,554.98,50.04,120.08,0.5032,-1,-1,-1
135,32,-3.26,620.76,49.98,147.45,0.5673,-1,-1,-1
135,50,514.97,528.34,28.81,73.36,0.5474,-1,-1,-1
136,2,1817.19,669.40,104.16,305.20,0.8375,-1,-1,-1
136,39,22.23,573.82,75.21,200.87,0.5249,-1,-1,-1
136,26,157.22,567.61,41.16,140.71,0.3930,-1,-1,-1
136,43,1701.42,556.00,50.84,115.92,0.4715,-1,-1,-1
136,32,-4.08,621.96,39.75,147.19,0.6005,-1,-1,-1
136,50,509.21,527.26,28.28,73.70,0.5365,-1,-1,-1
137,2,1823.69,677.44,97.88,307.37,0.7742,-1,-1,-1
137,39,15.76,573.26,70.58,204.61,0.6259,-1,-1,-1
137,26,148.49,572.92,40.33,137.77,0.4034,-1,-1,-1
137,43,1699.48,555.84,51.15,114.79,0.5034,-1,-1,-1
137,32,-3.36,634.47,29.32,138.22,0.4698,-1,-1,-1
137,50,503.46,527.40,29.28,75.29,0.5479,-1,-1,-1
138,2,1830.09,679.42,90.98,310.78,0.7835,-1,-1,-1
138,39,9.47,571.89,64.59,206.09,0.6375,-1,-1,-1
138,26,140.55,572.17,40.80,139.62,0.4940,-1,-1,-1
138,43,1697.67,556.28,51.08,113.50,0.4897,-1,-1,-1
138,50,499.76,529.71,29.97,73.23,0.5814,-1,-1,-1
138,53,1570.66,558.09,44.49,105.97,0.5702,-1,-1,-1
139,2,1833.53,680.03,87.32,315.56,0.7701,-1,-1,-1
139,39,2.00,575.39,59.12,203.07,0.6160,-1,-1,-1
139,43,1696.80,556.84,49.80,110.88,0.5073,-1,-1,-1
139,50,495.14,528.14,27.64,72.80,0.4401,-1,-1,-1
139,53,1568.73,554.74,39.65,108.85,0.5947,-1,-1,-1
140,2,1840.06,682.49,80.87,312.76,0.7505,-1,-1,-1
140,39,-2.66,574.87,51.66,210.80,0.6252,-1,-1,-1
140,43,1697.38,553.29,48.12,114.64,0.5277,-1,-1,-1
140,50,490.40,527.14,28.56,73.46,0.4968,-1,-1,-1
140,53,1566.70,550.76,37.21,111.42,0.6625,-1,-1,-1
140,26,122.24,562.69,42.05,152.69,0.3746,-1,-1,-1
141,2,1847.08,680.12,73.79,312.22,0.6799,-1,-1,-1
141,39,-3.79,579.12,41.44,208.72,0.5907,-1,-1,-1
141,43,1698.60,551.83,45.51,115.77,0.4524,-1,-1,-1
141,50,485.47,527.81,27.73,73.79,0.5268,-1,-1,-1
141,53,1563.40,549.75,38.21,111.66,0.7275,-1,-1,-1
142,2,1854.31,693.10,66.57,300.21,0.6423,-1,-1,-1
142,43,1700.89,554.84,41.94,114.58,0.4370,-1,-1,-1
142,50,480.81,527.39,28.45,75.13,0.4995,-1,-1,-1
142,53,1560.35,551.14,40.05,108.56,0.6806,-1,-1,-1
142,54,399.60,531.11,26.09,64.44,0.3643,-1,-1,-1
143,2,1860.20,703.42,59.75,297.15,0.5927,-1,-1,-1
143,43,1699.41,561.09,40.86,109.89,0.3686,-1,-1,-1
143,50,476.58,526.89,30.76,73.88,0.5369,-1,-1,-1
143,53,1556.92,553.31,40.26,109.26,0.5899,-1,-1,-1
144,2,1866.63,715.00,53.39,263.80,0.4746,-1,-1,-1
144,43,1696.82,566.47,41.92,107.61,0.4585,-1,-1,-1
144,50,473.23,527.57,28.45,74.94,0.5946,-1,-1,-1
144,53,1554.33,556.12,38.08,109.42,0.7093,-1,-1,-1
145,43,1694.25,570.21,42.45,106.97,0.6018,-1,-1,-1
145,50,467.94,527.16,28.54,74.15,0.5255,-1,-1,-1
145,53,1549.12,557.73,37.33,108.19,0.6957,-1,-1,-1
145,54,382.52,529.25,27.90,64.90,0.4090,-1,-1,-1
146,43,1693.32,573.14,42.66,102.26,0.6214,-1,-1,-1
146,50,463.67,526.17,28.00,74.62,0.5848,-1,-1,-1
146,53,1545.34,555.99,38.50,110.32,0.6497,-1,-1,-1
146,54,379.20,529.40,26.88,64.41,0.4055,-1,-1,-1
147,43,1691.38,574.62,41.60,103.18,0.5343,-1,-1,-1
147,50,457.18,526.69,29.26,75.67,0.5244,-1,-1,-1
147,53,1540.74,557.47,39.13,109.72,0.6766,-1,-1,-1
147,54,372.38,530.82,27.99,65.20,0.3213,-1,-1,-1
148,43,1684.78,571.39,45.84,105.31,0.4709,-1,-1,-1
148,50,452.74,528.88,29.99,74.21,0.5903,-1,-1,-1
148,53,1532.19,555.16,44.67,112.65,0.6901,-1,-1,-1
148,54,363.92,529.71,28.83,66.60,0.3125,-1,-1,-1
149,43,1681.03,570.56,44.26,105.32,0.6105,-1,-1,-1
149,50,447.95,529.36,29.16,74.85,0.5575,-1,-1,-1
149,53,1520.73,554.25,52.78,113.62,0.6863,-1,-1,-1
149,54,357.96,529.85,30.33,67.73,0.3715,-1,-1,-1
150,43,1679.34,567.40,43.05,106.93,0.6682,-1,-1,-1
150,50,442.76,528.60,29.82,76.40,0.5841,-1,-1,-1
150,53,1512.87,558.03,58.21,109.69,0.7187,-1,-1,-1
150,54,355.11,530.17,28.58,68.06,0.4075,-1,-1,-1
