1,1,118.00,157.54,79.99,171.14,0.8484,-1,-1,-1
1,2,16.01,148.76,74.71,190.85,0.8159,-1,-1,-1
2,1,118.05,154.91,82.14,174.65,0.8474,-1,-1,-1
2,2,17.59,145.32,74.08,194.75,0.8564,-1,-1,-1
3,1,124.59,153.60,68.51,177.40,0.7125,-1,-1,-1
3,2,22.12,137.97,73.93,203.08,0.8289,-1,-1,-1
4,1,129.90,154.10,78.49,179.17,0.8467,-1,-1,-1
4,2,27.45,141.87,72.89,201.18,0.8197,-1,-1,-1
4,3,252.99,193.86,24.96,67.00,0.4797,-1,-1,-1
5,1,136.47,156.83,83.68,180.23,0.8143,-1,-1,-1
5,2,35.33,140.62,73.38,206.93,0.8697,-1,-1,-1
5,3,263.44,198.61,23.50,64.61,0.5432,-1,-1,-1
6,1,141.49,155.48,86.53,183.79,0.8338,-1,-1,-1
6,2,35.67,140.64,78.02,209.28,0.8531,-1,-1,-1
6,3,269.38,198.32,24.89,66.26,0.5848,-1,-1,-1
6,4,222.72,197.99,23.85,67.02,0.6154,-1,-1,-1
6,5,251.17,197.66,21.84,66.02,0.4303,-1,-1,-1
7,1,144.67,152.18,87.74,187.00,0.8595,-1,-1,-1
7,2,39.06,139.18,76.76,210.23,0.8357,-1,-1,-1
7,3,274.26,198.69,25.83,63.71,0.6744,-1,-1,-1
7,4,226.28,197.75,24.82,66.16,0.6563,-1,-1,-1
7,5,256.81,195.93,21.47,62.90,0.6028,-1,-1,-1
8,1,152.15,152.79,88.92,190.19,0.8705,-1,-1,-1
8,2,43.28,140.02,78.07,213.20,0.8246,-1,-1,-1
8,3,281.21,200.88,26.52,64.75,0.5862,-1,-1,-1
8,4,234.52,200.18,24.62,65.57,0.6827,-1,-1,-1
8,5,265.04,198.03,20.56,64.04,0.5556,-1,-1,-1
9,1,156.60,151.64,88.22,193.05,0.8672,-1,-1,-1
9,2,47.25,139.59,77.78,214.04,0.8304,-1,-1,-1
9,3,287.53,200.19,25.69,65.64,0.7195,-1,-1,-1
9,4,240.31,203.03,24.91,63.21,0.5636,-1,-1,-1
9,5,269.91,198.76,22.02,65.88,0.6477,-1,-1,-1
10,1,164.82,148.01,88.00,197.39,0.8699,-1,-1,-1
10,2,50.42,135.25,83.17,219.50,0.8570,-1,-1,-1
10,3,296.13,200.88,25.50,64.97,0.6351,-1,-1,-1
10,4,250.16,198.30,25.26,67.11,0.6476,-1,-1,-1
10,5,278.75,196.90,21.73,66.85,0.4569,-1,-1,-1
11,1,171.11,147.09,88.79,200.40,0.8611,-1,-1,-1
11,2,55.17,135.03,84.85,221.52,0.8677,-1,-1,-1
11,3,305.20,201.10,22.77,64.56,0.6469,-1,-1,-1
11,4,256.08,200.28,22.97,65.04,0.4890,-1,-1,-1
11,5,285.21,197.58,22.86,67.28,0.6966,-1,-1,-1
11,9,143.73,195.52,28.49,69.83,0.5637,-1,-1,-1
12,1,181.90,147.50,91.56,204.68,0.8704,-1,-1,-1
12,2,64.57,131.74,84.44,230.56,0.8809,-1,-1,-1
12,3,316.45,204.77,22.53,63.18,0.5016,-1,-1,-1
12,4,268.81,200.20,24.21,67.50,0.6251,-1,-1,-1
12,9,153.87,197.73,29.54,69.10,0.5749,-1,-1,-1
13,1,184.48,147.17,95.77,208.25,0.8587,-1,-1,-1
13,2,67.97,138.77,85.77,225.80,0.8563,-1,-1,-1
13,3,321.40,197.70,24.34,70.11,0.4617,-1,-1,-1
13,4,275.36,200.26,23.98,67.95,0.5106,-1,-1,-1
13,9,159.10,196.81,30.32,70.54,0.5691,-1,-1,-1
13,5,303.78,203.02,21.14,63.66,0.4761,-1,-1,-1
14,1,197.42,144.88,94.44,211.39,0.8290,-1,-1,-1
14,2,81.59,130.58,82.62,235.22,0.8715,-1,-1,-1
14,3,334.15,202.41,22.09,64.94,0.3741,-1,-1,-1
14,4,286.95,202.44,23.57,64.35,0.5899,-1,-1,-1
14,9,170.59,195.56,29.83,71.16,0.5988,-1,-1,-1
14,5,316.32,201.69,21.61,64.53,0.5775,-1,-1,-1
15,1,208.76,144.83,95.23,215.01,0.8599,-1,-1,-1
15,2,87.05,135.62,85.19,233.63,0.8602,-1,-1,-1
15,3,345.44,204.41,25.24,64.38,0.6195,-1,-1,-1
15,4,297.09,202.45,22.80,65.92,0.5773,-1,-1,-1
15,9,181.80,197.19,28.94,70.86,0.6604,-1,-1,-1
15,5,325.99,200.83,22.65,66.43,0.5191,-1,-1,-1
16,1,211.99,143.11,98.54,216.41,0.8458,-1,-1,-1
16,2,82.23,126.25,92.83,242.73,0.8776,-1,-1,-1
16,3,351.52,200.16,26.64,66.52,0.5434,-1,-1,-1
16,4,301.00,198.66,23.60,66.42,0.6868,-1,-1,-1
16,9,185.68,193.45,29.80,71.55,0.6426,-1,-1,-1
16,5,330.65,195.95,23.67,69.48,0.5508,-1,-1,-1
16,12,1.18,142.37,45.74,156.58,0.4308,-1,-1,-1
17,1,213.86,140.04,104.93,221.72,0.7738,-1,-1,-1
17,2,84.45,123.62,92.85,246.87,0.8982,-1,-1,-1
17,3,353.99,190.80,25.97,74.18,0.4913,-1,-1,-1
17,4,305.57,196.33,23.83,68.66,0.5980,-1,-1,-1
17,9,188.95,192.49,28.92,71.77,0.6422,-1,-1,-1
17,5,334.46,195.19,23.22,69.66,0.4471,-1,-1,-1
17,12,1.33,140.44,60.14,149.54,0.3768,-1,-1,-1
18,1,216.18,138.22,109.68,228.57,0.8572,-1,-1,-1
18,2,84.08,123.76,96.03,252.00,0.9013,-1,-1,-1
18,4,311.28,195.67,22.58,70.57,0.7058,-1,-1,-1
18,9,193.26,194.34,27.93,70.66,0.5464,-1,-1,-1
18,12,0.99,140.55,54.45,155.37,0.4964,-1,-1,-1
19,1,216.68,133.04,112.11,233.67,0.8666,-1,-1,-1
19,2,81.46,118.66,97.54,256.49,0.9064,-1,-1,-1
19,4,311.12,192.30,24.49,70.96,0.6221,-1,-1,-1
19,9,193.65,192.15,28.59,70.26,0.5145,-1,-1,-1
19,12,-0.09,137.30,47.57,156.83,0.3060,-1,-1,-1
20,1,214.33,129.07,114.04,240.02,0.8877,-1,-1,-1
20,2,76.63,113.86,99.00,263.78,0.9029,-1,-1,-1
20,9,192.09,188.54,28.77,72.19,0.5803,-1,-1,-1
21,1,213.59,127.16,116.52,246.68,0.8791,-1,-1,-1
21,2,72.80,109.18,101.58,272.78,0.8988,-1,-1,-1
21,9,191.88,187.35,28.24,73.97,0.6602,-1,-1,-1
21,14,42.27,186.18,25.33,69.64,0.5713,-1,-1,-1
21,12,-1.06,132.50,39.15,164.63,0.5208,-1,-1,-1
22,1,214.38,123.34,118.50,253.43,0.8829,-1,-1,-1
22,2,68.81,104.33,105.13,280.45,0.8850,-1,-1,-1
22,9,193.83,186.05,27.47,73.97,0.3509,-1,-1,-1
22,14,41.67,183.18,27.96,70.89,0.4103,-1,-1,-1
22,12,-0.44,129.42,37.87,207.95,0.3507,-1,-1,-1
23,1,215.54,124.25,120.46,260.72,0.8812,-1,-1,-1
23,2,67.47,105.58,108.20,289.12,0.8965,-1,-1,-1
23,9,197.86,190.63,26.67,73.83,0.5789,-1,-1,-1
23,14,48.44,190.56,24.23,68.18,0.3665,-1,-1,-1
23,12,-0.19,133.84,38.87,224.90,0.3568,-1,-1,-1
24,1,219.91,121.85,117.29,265.49,0.7988,-1,-1,-1
24,2,65.66,103.95,111.08,294.55,0.8602,-1,-1,-1
24,12,0.73,133.16,39.34,190.24,0.4349,-1,-1,-1
25,1,228.45,121.33,112.46,274.60,0.8810,-1,-1,-1
25,2,62.22,103.34,115.04,303.22,0.8911,-1,-1,-1
25,12,0.50,134.36,38.04,178.40,0.3614,-1,-1,-1
26,1,230.39,117.52,110.44,281.06,0.8712,-1,-1,-1
26,2,58.56,100.43,117.43,309.18,0.8826,-1,-1,-1
26,12,0.45,132.72,36.87,174.55,0.3655,-1,-1,-1
27,1,235.44,113.18,110.54,289.36,0.8809,-1,-1,-1
27,2,55.08,95.41,120.75,317.13,0.8972,-1,-1,-1
27,12,-0.34,129.91,37.43,172.66,0.4621,-1,-1,-1
28,1,240.11,111.59,110.26,294.50,0.8851,-1,-1,-1
28,2,54.40,94.32,123.00,322.72,0.9022,-1,-1,-1
28,12,0.76,130.12,38.27,171.07,0.3368,-1,-1,-1
29,1,236.53,105.74,120.09,302.32,0.8659,-1,-1,-1
29,2,52.01,87.20,127.31,335.57,0.8817,-1,-1,-1
30,1,235.32,103.67,123.28,309.44,0.8839,-1,-1,-1
30,2,48.15,84.43,131.24,344.36,0.8888,-1,-1,-1
31,1,243.19,99.29,121.27,319.92,0.8790,-1,-1,-1
31,2,43.53,80.57,137.72,353.31,0.8946,-1,-1,-1
32,1,252.56,97.09,121.44,330.44,0.8769,-1,-1,-1
32,2,44.52,78.42,140.63,363.29,0.8790,-1,-1,-1
32,17,147.28,80.27,47.80,176.01,0.5285,-1,-1,-1
33,1,260.12,90.20,126.64,339.47,0.8614,-1,-1,-1
33,2,51.24,71.07,140.30,374.29,0.8887,-1,-1,-1
33,17,153.53,76.52,46.89,181.87,0.3756,-1,-1,-1
33,18,418.39,188.64,26.54,75.39,0.6739,-1,-1,-1
33,4,360.92,187.08,26.93,75.26,0.6280,-1,-1,-1
34,1,269.45,89.08,130.56,350.53,0.8579,-1,-1,-1
34,2,57.87,70.68,142.20,381.99,0.8851,-1,-1,-1
34,17,158.91,75.67,53.27,181.06,0.5096,-1,-1,-1
34,18,426.12,187.99,27.05,78.42,0.6605,-1,-1,-1
34,4,369.03,187.48,29.01,76.56,0.6828,-1,-1,-1
34,3,425.87,187.56,27.06,79.17,0.6605,-1,-1,-1
35,1,272.83,88.71,142.75,360.23,0.8551,-1,-1,-1
35,2,64.33,70.89,142.21,388.41,0.9042,-1,-1,-1
35,18,434.96,190.32,28.15,78.72,0.6581,-1,-1,-1
35,4,378.00,189.82,28.67,76.98,0.7054,-1,-1,-1
35,19,1.35,118.95,35.46,103.83,0.6117,-1,-1,-1
35,20,410.41,188.05,24.56,77.66,0.4801,-1,-1,-1
35,3,435.58,190.49,28.08,78.66,0.6581,-1,-1,-1
36,1,275.56,82.10,156.85,369.78,0.8937,-1,-1,-1
36,2,71.75,63.51,145.45,399.41,0.8947,-1,-1,-1
36,18,447.34,189.36,28.35,78.44,0.6636,-1,-1,-1
36,4,388.67,189.01,28.04,76.45,0.5824,-1,-1,-1
36,20,421.01,182.49,25.90,82.49,0.4843,-1,-1,-1
36,3,448.14,189.62,28.29,78.29,0.6636,-1,-1,-1
36,17,174.93,71.73,55.57,183.05,0.5570,-1,-1,-1
37,1,274.23,78.69,165.47,378.23,0.8908,-1,-1,-1
37,2,72.09,61.28,148.47,406.11,0.9014,-1,-1,-1
37,18,452.00,189.96,27.37,78.62,0.6192,-1,-1,-1
37,4,392.25,189.37,28.38,76.30,0.6547,-1,-1,-1
37,20,424.91,186.45,24.47,79.44,0.3203,-1,-1,-1
37,3,452.78,190.19,27.44,78.42,0.6192,-1,-1,-1
37,17,177.69,71.04,54.34,185.41,0.4362,-1,-1,-1
38,1,278.63,76.52,174.17,387.75,0.8878,-1,-1,-1
38,2,71.71,59.00,152.54,415.37,0.8759,-1,-1,-1
38,18,456.97,189.86,28.56,80.34,0.7279,-1,-1,-1
38,4,398.09,193.26,28.90,73.90,0.4970,-1,-1,-1
38,20,430.02,189.20,26.44,78.88,0.5459,-1,-1,-1
38,3,457.71,190.12,28.54,80.06,0.7279,-1,-1,-1
38,17,181.36,70.70,56.52,193.20,0.4525,-1,-1,-1
39,1,283.39,70.54,178.76,397.74,0.8902,-1,-1,-1
39,2,70.04,53.40,157.17,424.62,0.8789,-1,-1,-1
39,18,460.54,187.33,31.86,81.78,0.6727,-1,-1,-1
39,4,403.40,194.39,27.57,71.27,0.5582,-1,-1,-1
39,20,434.49,187.12,26.36,78.29,0.5778,-1,-1,-1
39,3,461.27,187.58,31.71,81.49,0.6727,-1,-1,-1
39,17,183.09,64.44,57.16,195.69,0.5569,-1,-1,-1
40,1,285.47,67.31,186.59,410.00,0.8876,-1,-1,-1
40,2,68.22,53.21,162.36,428.74,0.8847,-1,-1,-1
40,18,464.68,188.41,31.97,83.05,0.7032,-1,-1,-1
40,4,409.04,198.91,24.87,69.98,0.4654,-1,-1,-1
40,20,438.60,186.91,27.75,81.23,0.5362,-1,-1,-1
40,3,465.38,188.62,31.85,82.78,0.7032,-1,-1,-1
40,17,185.30,63.82,56.69,199.47,0.6957,-1,-1,-1
41,1,287.99,63.75,192.38,417.36,0.8832,-1,-1,-1
41,2,64.10,49.90,166.83,433.14,0.8903,-1,-1,-1
41,18,467.63,188.77,31.80,58.84,0.6164,-1,-1,-1
41,20,440.04,188.18,27.49,80.18,0.5486,-1,-1,-1
41,3,468.22,188.94,31.73,59.05,0.6164,-1,-1,-1
41,17,183.63,63.05,57.65,199.83,0.7385,-1,-1,-1
42,1,283.53,56.46,197.90,425.85,0.8999,-1,-1,-1
42,2,51.96,41.74,171.57,440.24,0.8915,-1,-1,-1
42,18,465.07,187.40,33.39,42.68,0.5377,-1,-1,-1
42,3,465.57,187.51,33.32,43.11,0.5377,-1,-1,-1
42,17,178.03,55.91,59.06,207.25,0.6336,-1,-1,-1
43,1,281.89,53.14,204.40,430.34,0.9045,-1,-1,-1
43,2,46.76,36.34,173.84,446.03,0.8963,-1,-1,-1
43,18,464.34,189.98,31.69,32.79,0.5272,-1,-1,-1
43,3,464.81,190.03,31.65,33.13,0.5272,-1,-1,-1
43,17,175.53,51.63,58.57,208.25,0.6478,-1,-1,-1
44,1,281.67,50.27,209.65,433.09,0.9040,-1,-1,-1
44,2,43.75,31.13,177.09,450.60,0.8976,-1,-1,-1
44,17,175.46,48.63,59.13,211.90,0.6433,-1,-1,-1
44,9,266.55,186.97,26.06,77.82,0.3625,-1,-1,-1
45,1,283.67,46.46,213.90,435.39,0.8964,-1,-1,-1
45,2,41.76,27.19,179.12,452.90,0.8951,-1,-1,-1
45,17,176.23,46.72,60.75,215.08,0.6476,-1,-1,-1
45,9,267.93,185.85,27.38,77.80,0.4529,-1,-1,-1
46,1,279.65,42.75,222.84,439.96,0.9094,-1,-1,-1
46,2,36.10,20.65,184.10,460.42,0.8836,-1,-1,-1
46,17,174.74,44.69,62.18,218.52,0.6942,-1,-1,-1
46,23,-0.12,97.49,37.22,329.51,0.4195,-1,-1,-1
47,1,282.91,38.16,223.81,443.73,0.9064,-1,-1,-1
47,2,33.13,14.92,186.26,464.97,0.8725,-1,-1,-1
47,17,174.57,41.20,61.69,218.29,0.6582,-1,-1,-1
47,23,0.36,94.02,36.81,333.52,0.3063,-1,-1,-1
47,9,269.71,183.60,27.27,79.19,0.3716,-1,-1,-1
48,1,288.53,31.09,224.93,450.43,0.8999,-1,-1,-1
48,2,30.30,11.13,192.01,469.69,0.8636,-1,-1,-1
48,17,176.78,38.27,63.27,222.57,0.6428,-1,-1,-1
48,23,0.46,92.96,39.70,339.82,0.3433,-1,-1,-1
49,1,287.50,28.52,230.38,453.21,0.8895,-1,-1,-1
49,2,26.73,8.98,199.15,470.12,0.8603,-1,-1,-1
49,17,176.33,36.44,65.28,226.30,0.6405,-1,-1,-1
50,1,286.20,23.28,234.16,458.13,0.8995,-1,-1,-1
50,2,20.69,3.32,204.34,476.38,0.8585,-1,-1,-1
50,17,174.39,34.19,66.66,234.69,0.6500,-1,-1,-1
51,1,285.75,19.65,238.86,460.35,0.9086,-1,-1,-1
51,2,21.00,1.01,203.59,476.39,0.8588,-1,-1,-1
51,17,174.42,33.05,69.75,237.72,0.7362,-1,-1,-1
51,24,0.36,89.42,30.63,117.81,0.4481,-1,-1,-1
52,1,289.00,15.61,240.93,462.44,0.9019,-1,-1,-1
52,2,17.30,-0.27,206.61,477.39,0.8464,-1,-1,-1
52,17,173.74,30.17,71.53,239.86,0.5960,-1,-1,-1
52,24,0.48,87.43,31.22,151.42,0.4830,-1,-1,-1
53,1,288.56,13.05,249.01,467.29,0.9044,-1,-1,-1
53,2,12.54,-1.34,212.18,481.77,0.8605,-1,-1,-1
53,17,173.22,27.93,71.63,241.73,0.6318,-1,-1,-1
53,24,-0.54,86.19,36.15,164.66,0.3691,-1,-1,-1
54,1,290.12,11.80,250.52,469.86,0.9116,-1,-1,-1
54,2,12.30,-1.05,211.86,480.08,0.8424,-1,-1,-1
54,17,173.32,27.75,71.41,242.52,0.5766,-1,-1,-1
54,24,-0.11,86.35,36.36,134.84,0.4177,-1,-1,-1
55,1,292.18,8.14,258.81,468.41,0.8858,-1,-1,-1
55,2,10.62,1.08,217.18,477.47,0.8571,-1,-1,-1
55,17,174.29,26.66,73.33,243.23,0.5491,-1,-1,-1
55,24,0.71,86.99,38.23,182.58,0.4524,-1,-1,-1
56,1,290.65,5.61,263.65,472.36,0.8457,-1,-1,-1
56,2,10.15,0.26,218.16,478.97,0.8620,-1,-1,-1
56,17,175.01,25.09,72.81,246.57,0.5890,-1,-1,-1
56,24,-0.18,85.36,37.84,178.17,0.4636,-1,-1,-1
57,1,297.38,3.04,264.21,475.98,0.9115,-1,-1,-1
57,2,7.95,0.62,220.33,477.08,0.8578,-1,-1,-1
57,17,175.90,23.52,73.60,275.34,0.6122,-1,-1,-1
57,24,0.28,84.03,36.84,173.71,0.5690,-1,-1,-1
58,1,301.09,1.69,266.85,478.74,0.8997,-1,-1,-1
58,2,6.88,0.72,221.75,477.57,0.8594,-1,-1,-1
58,17,176.13,21.27,76.04,343.91,0.4966,-1,-1,-1
58,24,0.12,83.64,35.71,171.52,0.4866,-1,-1,-1
59,1,302.96,0.13,273.67,480.99,0.9035,-1,-1,-1
59,2,4.78,0.11,224.12,478.66,0.8447,-1,-1,-1
59,17,176.63,19.81,76.46,343.36,0.7051,-1,-1,-1
59,24,-0.58,83.55,33.44,169.31,0.4017,-1,-1,-1
60,1,303.44,-1.47,280.48,480.57,0.9006,-1,-1,-1
60,2,3.53,-0.61,225.95,478.86,0.8185,-1,-1,-1
60,17,174.87,18.07,79.16,388.85,0.5711,-1,-1,-1
60,24,-0.73,80.15,30.98,205.05,0.3765,-1,-1,-1
61,1,306.33,-1.45,285.10,481.01,0.8971,-1,-1,-1
61,2,1.18,0.35,227.21,477.37,0.8556,-1,-1,-1
61,17,174.78,17.56,79.62,403.12,0.6077,-1,-1,-1
61,24,-0.53,79.81,29.18,214.25,0.3827,-1,-1,-1
62,1,310.94,-1.41,286.74,478.13,0.8307,-1,-1,-1
62,2,0.77,-0.04,226.17,477.28,0.8611,-1,-1,-1
62,17,177.04,15.79,78.80,416.14,0.7277,-1,-1,-1
62,24,0.05,77.83,30.39,226.05,0.4517,-1,-1,-1
63,1,312.84,-0.69,286.58,479.45,0.8857,-1,-1,-1
63,2,0.61,0.63,225.32,475.92,0.7896,-1,-1,-1
63,17,177.11,14.88,79.56,422.27,0.7196,-1,-1,-1
63,24,0.63,75.68,34.72,314.48,0.3731,-1,-1,-1
63,23,0.18,75.66,37.65,361.86,0.3731,-1,-1,-1
64,1,316.51,-0.69,288.10,480.31,0.8757,-1,-1,-1
64,2,0.42,1.73,227.88,476.13,0.8099,-1,-1,-1
64,17,176.35,14.76,82.52,420.43,0.5741,-1,-1,-1
64,24,0.64,75.26,34.45,361.53,0.3595,-1,-1,-1
64,23,0.35,75.38,34.72,377.27,0.3595,-1,-1,-1
65,1,317.18,-0.68,289.46,480.31,0.8766,-1,-1,-1
65,2,-0.04,1.67,234.00,474.90,0.7657,-1,-1,-1
65,17,177.22,14.15,83.52,377.81,0.5247,-1,-1,-1
65,24,0.44,74.58,35.25,364.48,0.3505,-1,-1,-1
65,23,0.29,74.73,34.99,362.12,0.3505,-1,-1,-1
65,26,501.65,192.61,26.34,76.69,0.6443,-1,-1,-1
66,1,314.26,-0.52,292.89,480.29,0.8839,-1,-1,-1
66,2,-0.48,1.24,232.26,473.43,0.8418,-1,-1,-1
66,17,177.03,12.96,85.03,347.61,0.6341,-1,-1,-1
66,24,0.11,74.14,34.03,378.95,0.3673,-1,-1,-1
66,23,0.04,74.38,33.56,371.72,0.3673,-1,-1,-1
66,26,502.01,192.06,26.44,76.80,0.6824,-1,-1,-1
67,1,312.31,-0.18,298.65,480.01,0.8852,-1,-1,-1
67,2,-0.11,1.60,228.84,475.28,0.8087,-1,-1,-1
67,17,179.01,12.04,84.34,393.88,0.7479,-1,-1,-1
67,24,0.49,74.99,32.82,386.52,0.5338,-1,-1,-1
67,23,0.42,75.23,32.31,377.52,0.5338,-1,-1,-1
67,26,503.53,192.56,24.98,76.50,0.6490,-1,-1,-1
68,1,315.58,0.17,297.01,480.13,0.8942,-1,-1,-1
68,2,-0.25,2.47,226.70,474.95,0.7487,-1,-1,-1
68,17,179.16,11.20,84.73,421.39,0.6779,-1,-1,-1
68,24,0.45,74.89,33.38,361.23,0.3680,-1,-1,-1
68,23,0.38,75.11,33.02,350.28,0.3680,-1,-1,-1
68,26,505.70,192.89,23.37,76.80,0.6037,-1,-1,-1
69,1,317.30,0.27,294.50,479.92,0.8915,-1,-1,-1
69,2,-0.34,2.55,225.57,475.21,0.7380,-1,-1,-1
69,17,179.04,9.95,85.18,433.15,0.6036,-1,-1,-1
69,24,0.33,73.64,33.88,366.39,0.3943,-1,-1,-1
69,23,0.27,73.81,33.60,357.14,0.3943,-1,-1,-1
69,26,505.93,193.37,22.17,75.81,0.6365,-1,-1,-1
69,9,293.95,176.06,28.68,86.47,0.5637,-1,-1,-1
70,1,317.88,0.39,293.60,479.81,0.8924,-1,-1,-1
70,2,-0.25,1.67,223.78,477.34,0.8235,-1,-1,-1
70,17,181.94,9.13,84.14,430.96,0.8348,-1,-1,-1
70,24,0.48,74.02,34.29,364.74,0.4031,-1,-1,-1
70,23,0.42,74.21,34.07,356.05,0.4031,-1,-1,-1
70,26,506.44,193.28,22.43,75.86,0.6172,-1,-1,-1
70,29,0.15,77.53,22.51,128.51,0.3834,-1,-1,-1
70,9,295.12,176.67,27.17,85.57,0.5253,-1,-1,-1
71,1,318.03,0.15,292.36,479.97,0.8761,-1,-1,-1
71,2,-0.09,1.54,222.79,478.08,0.8286,-1,-1,-1
71,17,183.51,8.33,84.47,430.25,0.8365,-1,-1,-1
71,24,0.59,73.94,33.81,371.53,0.3847,-1,-1,-1
71,23,0.53,74.10,33.63,363.94,0.3847,-1,-1,-1
71,26,506.80,193.39,22.29,74.99,0.5617,-1,-1,-1
71,29,0.20,77.92,22.50,126.50,0.4387,-1,-1,-1
71,9,293.78,176.76,28.09,84.92,0.5884,-1,-1,-1
72,1,316.98,0.55,294.19,479.45,0.8827,-1,-1,-1
72,2,0.11,1.75,223.04,478.22,0.8600,-1,-1,-1
72,17,184.64,8.06,85.09,430.00,0.8375,-1,-1,-1
72,24,0.81,75.16,33.42,374.05,0.4914,-1,-1,-1
72,23,0.75,75.32,33.25,367.17,0.4914,-1,-1,-1
72,26,507.13,193.08,22.42,75.80,0.5834,-1,-1,-1
72,29,0.32,78.36,22.78,126.40,0.4064,-1,-1,-1
72,9,291.82,176.97,30.57,85.01,0.6204,-1,-1,-1
73,1,314.71,0.52,296.79,479.34,0.8920,-1,-1,-1
73,2,0.07,1.65,223.03,478.24,0.8543,-1,-1,-1
73,17,185.08,9.63,86.88,427.57,0.8394,-1,-1,-1
73,24,0.71,74.42,34.07,368.97,0.3447,-1,-1,-1
73,23,0.65,74.53,33.94,362.65,0.3447,-1,-1,-1
73,26,506.20,192.43,22.77,77.32,0.5062,-1,-1,-1
73,29,0.21,78.18,22.57,127.72,0.4076,-1,-1,-1
73,9,290.54,177.22,30.82,83.23,0.6042,-1,-1,-1
73,30,586.32,196.29,23.09,51.79,0.5500,-1,-1,-1
74,1,313.50,0.22,296.26,479.55,0.8500,-1,-1,-1
74,2,0.07,1.68,223.40,477.57,0.8477,-1,-1,-1
74,17,185.41,9.29,88.56,426.90,0.8486,-1,-1,-1
74,24,0.64,73.81,34.25,361.35,0.3463,-1,-1,-1
74,23,0.58,73.90,34.13,355.67,0.3463,-1,-1,-1
74,26,505.69,192.94,22.61,76.23,0.5653,-1,-1,-1
74,29,0.14,78.35,22.65,126.44,0.4138,-1,-1,-1
74,9,290.32,177.18,30.61,82.45,0.5464,-1,-1,-1
75,1,309.07,0.56,295.95,478.43,0.8711,-1,-1,-1
75,2,1.01,1.69,222.71,477.00,0.8279,-1,-1,-1
75,17,186.75,9.78,89.25,425.01,0.8458,-1,-1,-1
75,29,0.51,78.08,22.94,125.43,0.3664,-1,-1,-1
75,9,290.31,177.24,31.14,81.89,0.6049,-1,-1,-1
76,1,306.29,0.21,297.49,477.39,0.8883,-1,-1,-1
76,2,1.24,1.60,222.42,476.64,0.8184,-1,-1,-1
76,17,187.07,10.10,89.94,424.19,0.8553,-1,-1,-1
76,29,0.46,78.38,22.82,127.39,0.3271,-1,-1,-1
76,9,290.28,176.86,30.70,81.31,0.6551,-1,-1,-1
77,1,304.25,0.09,297.08,476.57,0.8744,-1,-1,-1
77,2,1.31,1.70,223.02,475.98,0.8269,-1,-1,-1
77,17,187.50,10.06,90.32,423.37,0.8452,-1,-1,-1
77,29,0.28,79.01,22.96,120.56,0.3556,-1,-1,-1
77,9,290.12,176.76,31.89,81.13,0.6553,-1,-1,-1
78,1,302.33,0.08,297.83,476.38,0.8931,-1,-1,-1
78,2,1.15,1.58,223.26,477.58,0.8335,-1,-1,-1
78,17,188.74,9.49,88.18,423.50,0.8443,-1,-1,-1
78,29,0.17,79.03,22.82,114.06,0.4589,-1,-1,-1
78,9,289.64,177.17,31.39,80.88,0.4946,-1,-1,-1
79,1,303.91,-0.07,291.58,478.55,0.8717,-1,-1,-1
79,2,1.15,0.98,222.98,477.80,0.8325,-1,-1,-1
79,17,188.68,9.82,86.15,423.59,0.8373,-1,-1,-1
79,29,-0.11,78.99,22.93,121.24,0.3723,-1,-1,-1
79,9,288.70,177.53,32.76,80.50,0.4671,-1,-1,-1
80,1,310.82,-0.10,279.04,479.49,0.8759,-1,-1,-1
80,2,0.66,1.24,224.01,478.39,0.8516,-1,-1,-1
80,17,188.63,10.66,85.61,424.26,0.8294,-1,-1,-1
80,29,-0.28,79.47,23.09,119.12,0.3803,-1,-1,-1
81,1,312.30,-0.06,276.70,479.26,0.8798,-1,-1,-1
81,2,1.07,1.48,226.06,477.80,0.8432,-1,-1,-1
81,17,189.17,11.05,84.83,420.47,0.7937,-1,-1,-1
81,29,0.29,79.52,23.62,118.69,0.3807,-1,-1,-1
81,23,0.66,75.50,33.01,369.96,0.4099,-1,-1,-1
82,1,316.51,-0.13,271.01,480.29,0.8624,-1,-1,-1
82,2,0.31,1.44,229.85,477.41,0.8403,-1,-1,-1
82,17,188.97,11.81,84.53,420.44,0.7392,-1,-1,-1
82,29,-0.33,79.72,23.28,115.94,0.4136,-1,-1,-1
82,23,0.01,75.44,33.33,362.32,0.3528,-1,-1,-1
83,1,311.89,0.06,275.19,477.91,0.8782,-1,-1,-1
83,2,0.27,1.44,227.02,478.25,0.8173,-1,-1,-1
83,17,188.29,13.02,84.03,423.48,0.8172,-1,-1,-1
83,29,-0.25,79.32,22.85,118.42,0.4516,-1,-1,-1
83,23,0.01,74.31,32.79,374.37,0.3457,-1,-1,-1
84,1,308.60,0.06,273.74,478.89,0.9028,-1,-1,-1
84,2,0.22,1.11,224.65,476.82,0.7691,-1,-1,-1
84,17,184.86,12.26,85.03,425.91,0.7983,-1,-1,-1
84,29,-0.17,78.66,21.52,121.42,0.4579,-1,-1,-1
85,1,308.51,0.06,277.09,478.93,0.8923,-1,-1,-1
85,2,0.15,1.28,228.93,475.81,0.7584,-1,-1,-1
85,17,182.75,14.09,84.20,424.75,0.7471,-1,-1,-1
85,29,-0.16,78.76,21.77,123.67,0.3620,-1,-1,-1
86,1,307.70,0.32,278.49,476.65,0.8679,-1,-1,-1
86,2,0.47,1.86,228.92,475.67,0.7405,-1,-1,-1
86,17,179.19,16.56,84.54,423.31,0.7507,-1,-1,-1
86,29,0.05,79.64,22.12,125.18,0.3754,-1,-1,-1
86,31,615.30,193.41,24.21,56.55,0.4649,-1,-1,-1
87,1,309.30,-0.06,276.88,478.85,0.8880,-1,-1,-1
87,2,-0.12,1.50,231.41,475.30,0.7021,-1,-1,-1
87,17,174.97,16.83,84.71,414.61,0.6689,-1,-1,-1
87,29,-0.31,79.54,21.36,123.46,0.3263,-1,-1,-1
87,31,614.95,193.25,24.50,56.15,0.4894,-1,-1,-1
87,26,503.67,192.97,23.69,75.80,0.6588,-1,-1,-1
87,23,-0.03,74.63,32.37,367.32,0.4767,-1,-1,-1
88,1,307.58,0.83,279.70,479.21,0.8988,-1,-1,-1
88,2,-0.09,2.04,228.60,475.82,0.8129,-1,-1,-1
88,17,174.12,20.83,83.15,412.13,0.7451,-1,-1,-1
88,29,-0.14,80.73,21.79,123.54,0.4351,-1,-1,-1
88,26,504.97,193.39,23.43,76.93,0.5258,-1,-1,-1
88,23,0.01,74.25,32.95,378.06,0.3262,-1,-1,-1
89,1,310.49,0.56,277.00,479.55,0.8955,-1,-1,-1
89,2,-0.16,1.85,227.28,476.51,0.8042,-1,-1,-1
89,17,172.10,22.68,83.82,406.99,0.7138,-1,-1,-1
89,29,-0.15,81.01,21.88,123.59,0.3758,-1,-1,-1
89,26,505.74,192.98,22.40,77.09,0.5054,-1,-1,-1
89,23,-0.02,75.19,32.68,355.71,0.3430,-1,-1,-1
90,1,308.92,0.72,278.67,479.30,0.8977,-1,-1,-1
90,2,-0.35,1.86,224.94,477.04,0.7954,-1,-1,-1
90,17,169.29,23.69,86.57,403.81,0.7513,-1,-1,-1
90,26,505.80,193.00,21.44,77.10,0.4277,-1,-1,-1
90,23,-0.13,77.49,32.30,364.25,0.4337,-1,-1,-1
91,1,308.63,1.01,279.84,478.87,0.8943,-1,-1,-1
91,2,-0.02,1.78,223.45,477.01,0.7909,-1,-1,-1
91,17,167.78,24.16,89.17,402.63,0.7204,-1,-1,-1
91,26,505.50,192.49,21.16,76.64,0.3014,-1,-1,-1
91,23,0.18,78.86,32.13,373.41,0.4672,-1,-1,-1
91,29,-0.11,83.45,21.96,128.81,0.4233,-1,-1,-1
92,1,305.99,0.87,282.47,478.94,0.9045,-1,-1,-1
92,2,0.11,1.85,230.40,476.26,0.7655,-1,-1,-1
92,17,166.69,24.73,92.59,400.64,0.6925,-1,-1,-1
92,26,506.42,192.89,20.74,76.80,0.3287,-1,-1,-1
92,23,0.08,80.33,32.94,364.53,0.4237,-1,-1,-1
93,1,305.95,0.50,280.17,478.94,0.8917,-1,-1,-1
93,2,0.14,1.43,225.58,475.38,0.8433,-1,-1,-1
93,17,166.81,24.08,100.56,406.68,0.7883,-1,-1,-1
93,23,0.14,79.71,32.98,360.64,0.3017,-1,-1,-1
93,33,299.33,180.44,25.51,76.32,0.4503,-1,-1,-1
94,1,306.58,0.04,278.29,479.70,0.9028,-1,-1,-1
94,2,0.46,1.14,223.84,475.18,0.8469,-1,-1,-1
94,17,167.64,23.78,103.94,408.76,0.7889,-1,-1,-1
94,23,0.48,79.51,32.77,364.43,0.3167,-1,-1,-1
94,33,299.73,179.25,25.65,78.39,0.4521,-1,-1,-1
94,35,267.17,190.87,17.77,57.76,0.4865,-1,-1,-1
95,1,307.40,-0.06,276.91,477.94,0.9010,-1,-1,-1
95,2,0.74,1.39,223.22,474.86,0.8603,-1,-1,-1
95,17,169.79,22.45,104.40,411.50,0.7886,-1,-1,-1
95,23,0.67,79.21,33.72,369.18,0.4191,-1,-1,-1
95,33,301.18,178.72,24.21,80.69,0.5122,-1,-1,-1
95,35,266.81,192.71,16.26,55.80,0.5569,-1,-1,-1
96,1,306.96,-0.08,275.91,479.12,0.8999,-1,-1,-1
96,2,0.44,1.50,222.62,474.30,0.8357,-1,-1,-1
96,17,171.50,21.99,102.59,411.17,0.7914,-1,-1,-1
96,23,0.19,82.10,34.37,365.14,0.4157,-1,-1,-1
96,33,301.65,177.88,22.71,81.11,0.5020,-1,-1,-1
96,35,265.53,192.16,16.55,56.53,0.5346,-1,-1,-1
97,1,307.19,0.15,275.96,477.55,0.9031,-1,-1,-1
97,2,0.44,1.67,222.42,472.68,0.8640,-1,-1,-1
97,17,174.30,21.22,99.49,412.04,0.8179,-1,-1,-1
97,23,0.02,84.08,34.09,328.72,0.3742,-1,-1,-1
97,33,301.82,178.68,22.88,81.26,0.5721,-1,-1,-1
97,35,262.84,192.22,16.73,58.15,0.5794,-1,-1,-1
97,9,282.80,179.80,25.12,78.44,0.3714,-1,-1,-1
98,1,308.64,0.03,275.13,477.90,0.9064,-1,-1,-1
98,2,0.92,1.30,222.28,472.78,0.8745,-1,-1,-1
98,17,180.30,20.42,94.02,412.49,0.8351,-1,-1,-1
98,23,0.36,83.16,33.14,341.22,0.5054,-1,-1,-1
98,33,302.41,178.09,22.68,82.68,0.5933,-1,-1,-1
98,26,506.66,192.58,21.38,76.57,0.5041,-1,-1,-1
99,1,309.07,0.03,274.86,478.07,0.9089,-1,-1,-1
99,2,0.70,1.17,222.35,473.96,0.8855,-1,-1,-1
99,17,184.00,20.78,91.60,411.81,0.8484,-1,-1,-1
99,23,0.25,80.00,34.73,361.42,0.4600,-1,-1,-1
99,33,301.47,177.83,23.63,81.43,0.5364,-1,-1,-1
99,26,506.83,192.49,21.81,76.70,0.3765,-1,-1,-1
99,9,280.14,179.69,26.03,79.18,0.3549,-1,-1,-1
100,1,309.54,-0.07,273.97,477.77,0.9027,-1,-1,-1
100,2,0.47,0.98,221.74,475.06,0.8820,-1,-1,-1
100,17,186.65,18.93,90.41,413.29,0.8407,-1,-1,-1
100,23,-0.06,81.27,34.83,345.34,0.4245,-1,-1,-1
100,33,300.96,178.16,24.93,80.47,0.5874,-1,-1,-1
100,26,506.13,192.51,22.03,76.07,0.5333,-1,-1,-1
100,9,279.28,178.71,26.33,80.11,0.5712,-1,-1,-1
101,1,310.24,-0.01,274.07,479.37,0.9086,-1,-1,-1
101,2,0.62,0.94,221.67,475.29,0.8767,-1,-1,-1
101,17,189.33,17.60,91.49,413.78,0.8511,-1,-1,-1
101,23,0.07,81.48,34.06,353.77,0.4260,-1,-1,-1
101,33,300.96,178.07,24.36,81.50,0.4528,-1,-1,-1
101,26,507.09,192.73,21.88,76.21,0.3761,-1,-1,-1
101,9,279.31,178.99,26.42,79.84,0.4007,-1,-1,-1
102,1,311.84,-0.06,272.07,478.72,0.9022,-1,-1,-1
102,2,0.55,0.65,221.51,475.75,0.8734,-1,-1,-1
102,17,189.96,16.22,93.22,413.51,0.8479,-1,-1,-1
102,23,0.03,81.61,33.97,348.77,0.4412,-1,-1,-1
103,1,313.32,-0.06,271.55,479.82,0.9122,-1,-1,-1
103,2,0.53,0.75,221.54,476.53,0.8702,-1,-1,-1
103,17,191.25,16.76,93.24,414.60,0.8402,-1,-1,-1
103,23,0.09,82.03,33.91,329.55,0.3833,-1,-1,-1
104,1,314.24,-0.04,273.36,480.05,0.9108,-1,-1,-1
104,2,0.27,0.86,222.39,476.86,0.8893,-1,-1,-1
104,17,192.20,17.37,91.12,414.96,0.8419,-1,-1,-1
104,23,0.09,80.72,33.87,337.48,0.3355,-1,-1,-1
105,1,314.09,-0.07,274.62,480.22,0.9087,-1,-1,-1
105,2,-0.20,0.74,223.08,476.92,0.8627,-1,-1,-1
105,17,191.98,17.12,89.87,412.06,0.8375,-1,-1,-1
105,23,-0.30,82.96,32.22,348.02,0.3764,-1,-1,-1
106,1,314.12,-0.09,276.18,479.58,0.9044,-1,-1,-1
106,2,-0.13,0.54,223.47,477.63,0.8800,-1,-1,-1
106,17,192.42,16.65,87.31,414.23,0.8269,-1,-1,-1
106,23,-0.24,82.71,32.62,357.62,0.4081,-1,-1,-1
106,37,540.78,203.79,12.32,36.00,0.4060,-1,-1,-1
106,33,300.91,178.71,23.97,82.19,0.6317,-1,-1,-1
106,9,279.04,178.85,25.59,81.32,0.5835,-1,-1,-1
107,1,313.74,0.17,278.71,479.01,0.8953,-1,-1,-1
107,2,-0.12,0.33,224.43,478.17,0.8803,-1,-1,-1
107,17,192.47,16.67,86.44,414.78,0.8186,-1,-1,-1
107,23,-0.25,82.64,31.81,361.25,0.3576,-1,-1,-1
107,37,541.32,204.17,11.90,35.66,0.3816,-1,-1,-1
107,33,300.88,178.63,24.28,82.13,0.5889,-1,-1,-1
107,9,279.37,179.33,25.53,79.91,0.5654,-1,-1,-1
108,1,312.63,-0.09,282.71,477.91,0.8996,-1,-1,-1
108,2,-0.25,-0.04,225.28,478.00,0.8742,-1,-1,-1
108,17,192.04,16.11,86.09,415.47,0.8234,-1,-1,-1
108,37,541.19,202.44,12.08,37.55,0.4677,-1,-1,-1
108,33,300.96,178.70,24.23,81.48,0.6020,-1,-1,-1
108,9,279.26,180.48,25.03,78.15,0.5106,-1,-1,-1
109,1,312.35,-0.19,284.96,475.81,0.8313,-1,-1,-1
109,2,-0.44,0.09,225.24,478.46,0.8857,-1,-1,-1
109,17,190.12,16.51,87.92,414.29,0.8310,-1,-1,-1
109,33,300.96,178.34,24.08,82.06,0.5538,-1,-1,-1
109,9,278.98,180.39,25.71,78.14,0.5028,-1,-1,-1
110,1,312.17,-0.27,288.39,477.12,0.7599,-1,-1,-1
110,2,-0.77,0.34,224.81,478.37,0.9072,-1,-1,-1
110,17,188.37,16.70,90.76,414.11,0.8395,-1,-1,-1
110,33,300.57,178.18,24.58,82.17,0.4505,-1,-1,-1
111,1,311.29,0.05,290.09,476.99,0.7984,-1,-1,-1
111,2,-0.21,0.03,222.87,478.99,0.8961,-1,-1,-1
111,17,188.08,17.09,91.87,414.19,0.8444,-1,-1,-1
112,1,323.84,0.10,279.68,478.89,0.7949,-1,-1,-1
112,2,-0.29,0.09,222.74,479.43,0.9072,-1,-1,-1
112,17,187.70,17.02,94.61,415.60,0.8493,-1,-1,-1
112,33,298.44,177.72,26.59,83.10,0.3507,-1,-1,-1
113,1,315.74,0.22,283.42,479.46,0.8647,-1,-1,-1
113,2,-0.26,0.15,222.77,479.30,0.9028,-1,-1,-1
113,17,187.71,17.80,94.53,416.69,0.8531,-1,-1,-1
114,1,311.29,0.20,287.11,479.23,0.8970,-1,-1,-1
114,2,0.10,0.17,222.24,478.65,0.8955,-1,-1,-1
114,17,187.65,19.13,94.85,414.28,0.8538,-1,-1,-1
115,1,309.80,0.14,284.63,477.93,0.8815,-1,-1,-1
115,2,0.48,-0.19,221.53,478.82,0.8898,-1,-1,-1
115,17,188.42,19.83,94.41,414.80,0.8666,-1,-1,-1
116,1,307.10,0.05,284.87,478.70,0.8949,-1,-1,-1
116,2,0.97,-0.52,220.47,478.19,0.8794,-1,-1,-1
116,17,191.05,20.16,92.79,414.95,0.8595,-1,-1,-1
117,1,306.18,0.21,281.86,477.97,0.8835,-1,-1,-1
117,2,1.57,-0.42,220.53,477.00,0.8703,-1,-1,-1
117,17,192.72,20.23,93.39,415.07,0.8547,-1,-1,-1
118,1,304.44,0.52,277.99,476.79,0.8898,-1,-1,-1
118,2,1.61,0.20,221.89,476.78,0.8679,-1,-1,-1
118,17,193.87,20.40,92.58,415.72,0.8588,-1,-1,-1
119,1,303.28,0.84,278.38,477.37,0.9113,-1,-1,-1
119,2,1.70,1.23,226.04,477.08,0.8854,-1,-1,-1
119,17,196.94,20.70,91.91,412.90,0.8164,-1,-1,-1
119,26,498.85,193.29,29.78,78.21,0.6998,-1,-1,-1
119,23,0.10,80.30,30.40,342.05,0.4008,-1,-1,-1
120,1,302.21,0.50,279.95,478.73,0.9103,-1,-1,-1
120,2,0.93,1.27,230.20,478.26,0.8727,-1,-1,-1
120,17,199.96,21.39,89.28,411.34,0.8094,-1,-1,-1
120,26,498.79,193.19,29.82,78.70,0.7203,-1,-1,-1
121,1,302.84,0.89,280.32,478.15,0.8873,-1,-1,-1
121,2,1.38,1.34,234.50,478.10,0.8772,-1,-1,-1
121,17,200.78,21.70,88.86,413.37,0.8196,-1,-1,-1
121,26,498.67,192.77,30.09,79.16,0.6617,-1,-1,-1
122,1,305.46,0.82,281.31,476.88,0.8887,-1,-1,-1
122,2,1.76,1.23,238.55,478.38,0.8574,-1,-1,-1
122,17,202.51,22.39,85.08,415.57,0.8232,-1,-1,-1
122,26,498.80,193.56,29.77,78.17,0.6640,-1,-1,-1
122,23,1.43,76.23,34.68,391.45,0.3786,-1,-1,-1
123,1,303.34,0.98,281.92,477.72,0.8961,-1,-1,-1
123,2,1.84,1.44,242.19,478.08,0.8722,-1,-1,-1
123,17,202.78,21.75,84.47,414.46,0.8338,-1,-1,-1
123,26,499.07,193.81,30.28,77.82,0.6804,-1,-1,-1
123,23,1.46,76.02,37.46,399.74,0.5531,-1,-1,-1
124,1,304.21,0.41,280.05,478.69,0.9043,-1,-1,-1
124,2,1.51,1.05,245.30,478.05,0.8645,-1,-1,-1
124,17,203.37,22.28,82.79,410.04,0.8398,-1,-1,-1
124,26,499.51,194.05,29.99,77.74,0.6531,-1,-1,-1
124,23,1.08,75.83,38.43,402.26,0.5479,-1,-1,-1
125,1,304.80,0.57,278.36,478.82,0.9025,-1,-1,-1
125,2,0.96,1.03,248.30,478.04,0.8533,-1,-1,-1
125,17,203.46,22.70,81.84,407.05,0.8189,-1,-1,-1
125,26,500.39,193.78,29.15,77.65,0.6406,-1,-1,-1
125,23,0.68,76.50,41.21,404.45,0.5959,-1,-1,-1
125,39,561.14,201.91,16.17,37.95,0.4810,-1,-1,-1
125,33,297.62,178.50,27.23,79.09,0.3564,-1,-1,-1
126,1,305.15,0.45,276.88,479.39,0.8998,-1,-1,-1
126,2,-0.04,0.80,251.40,469.62,0.7892,-1,-1,-1
126,17,203.75,22.60,80.71,406.64,0.7895,-1,-1,-1
126,26,500.88,194.00,28.32,77.81,0.6269,-1,-1,-1
126,23,0.13,76.62,42.72,403.66,0.4500,-1,-1,-1
126,39,561.23,202.31,16.25,37.45,0.4963,-1,-1,-1
126,9,286.69,180.08,26.03,78.27,0.3457,-1,-1,-1
127,1,306.18,0.37,276.70,479.50,0.8968,-1,-1,-1
127,2,0.37,1.07,251.18,473.31,0.8428,-1,-1,-1
127,17,205.08,22.79,79.27,406.37,0.8087,-1,-1,-1
127,26,502.21,193.36,27.36,77.74,0.5878,-1,-1,-1
127,23,0.06,77.66,45.13,404.03,0.4094,-1,-1,-1
127,39,562.35,202.95,15.35,37.03,0.5211,-1,-1,-1
128,1,305.97,0.37,277.16,479.57,0.9036,-1,-1,-1
128,2,-0.16,0.79,253.95,473.67,0.8329,-1,-1,-1
128,17,204.99,22.67,79.41,407.03,0.7369,-1,-1,-1
128,26,502.78,193.88,26.66,77.02,0.6020,-1,-1,-1
128,23,-0.30,77.58,46.95,404.61,0.5861,-1,-1,-1
128,39,562.23,203.39,15.78,37.41,0.4789,-1,-1,-1
129,1,306.57,0.13,275.97,479.45,0.8964,-1,-1,-1
129,2,-0.28,0.74,254.47,474.21,0.8553,-1,-1,-1
129,17,204.79,22.80,79.37,407.69,0.7420,-1,-1,-1
129,26,502.94,194.01,26.44,77.10,0.5890,-1,-1,-1
129,23,-0.53,79.22,47.86,402.96,0.6338,-1,-1,-1
129,39,561.52,203.94,16.22,37.12,0.4410,-1,-1,-1
130,1,306.27,0.07,276.55,479.71,0.9090,-1,-1,-1
130,2,0.78,0.65,251.26,473.72,0.8327,-1,-1,-1
130,17,204.82,23.47,79.20,407.68,0.7662,-1,-1,-1
130,26,503.87,193.82,26.38,77.07,0.6022,-1,-1,-1
130,23,-0.56,80.05,48.90,402.09,0.6942,-1,-1,-1
130,39,561.43,203.41,16.32,37.80,0.4589,-1,-1,-1
130,9,288.82,188.92,21.12,69.28,0.3439,-1,-1,-1
131,1,306.01,0.16,276.09,479.66,0.8997,-1,-1,-1
131,2,8.01,0.62,242.11,471.92,0.8096,-1,-1,-1
131,17,204.15,23.15,79.91,405.98,0.7974,-1,-1,-1
131,26,502.63,193.72,27.40,77.57,0.6511,-1,-1,-1
131,23,-0.62,80.12,49.25,291.38,0.3753,-1,-1,-1
131,39,560.33,203.58,17.11,37.14,0.4561,-1,-1,-1
131,9,288.57,190.90,20.61,67.29,0.3437,-1,-1,-1
132,1,306.34,-0.08,274.45,480.07,0.8961,-1,-1,-1
132,2,9.78,0.43,238.31,472.23,0.7880,-1,-1,-1
132,17,202.35,22.83,81.33,406.37,0.8254,-1,-1,-1
132,26,502.47,193.10,27.46,77.82,0.6410,-1,-1,-1
132,9,284.14,190.25,20.84,67.32,0.3154,-1,-1,-1
132,33,295.82,177.85,27.03,81.09,0.5026,-1,-1,-1
133,1,306.02,-0.19,273.78,478.18,0.8985,-1,-1,-1
133,2,8.84,0.34,237.43,474.70,0.8360,-1,-1,-1
133,17,201.13,22.58,82.40,407.10,0.8321,-1,-1,-1
133,26,502.12,193.02,27.90,78.38,0.5934,-1,-1,-1
133,9,281.05,188.61,21.62,67.80,0.3829,-1,-1,-1
133,33,294.74,177.93,28.95,81.02,0.5434,-1,-1,-1
134,1,305.31,-0.04,271.96,477.50,0.9034,-1,-1,-1
134,2,9.15,0.47,235.39,477.16,0.8550,-1,-1,-1
134,17,200.90,22.60,81.70,410.49,0.8371,-1,-1,-1
134,26,501.38,192.83,28.71,79.17,0.6285,-1,-1,-1
134,9,279.99,188.46,20.84,66.57,0.3152,-1,-1,-1
134,33,294.68,178.32,29.62,80.60,0.5868,-1,-1,-1
134,23,-0.80,79.83,47.43,384.49,0.4216,-1,-1,-1
134,39,558.16,200.84,19.17,39.95,0.4410,-1,-1,-1
135,1,305.88,-0.22,270.52,479.81,0.8891,-1,-1,-1
135,2,7.58,0.46,234.84,478.45,0.8785,-1,-1,-1
135,17,201.42,22.56,81.14,412.41,0.8360,-1,-1,-1
135,26,500.95,192.99,28.29,79.06,0.6259,-1,-1,-1
135,33,294.63,177.81,29.90,81.49,0.5319,-1,-1,-1
135,43,537.12,192.49,19.21,55.47,0.5086,-1,-1,-1
135,23,-0.61,78.65,44.60,397.11,0.4010,-1,-1,-1
136,1,305.61,-0.22,269.81,480.47,0.8891,-1,-1,-1
136,2,5.97,0.52,232.28,478.39,0.8581,-1,-1,-1
136,17,200.11,23.23,82.45,411.48,0.8288,-1,-1,-1
136,26,500.50,192.73,28.61,79.46,0.6364,-1,-1,-1
136,33,296.10,178.23,28.07,81.03,0.4172,-1,-1,-1
136,43,535.39,191.18,20.64,57.70,0.3690,-1,-1,-1
136,23,-0.52,76.91,43.75,399.69,0.4053,-1,-1,-1
137,1,305.54,-0.20,269.66,480.60,0.8920,-1,-1,-1
137,2,5.95,0.60,227.40,478.76,0.8566,-1,-1,-1
137,17,196.26,22.96,86.86,410.38,0.8276,-1,-1,-1
137,26,500.59,193.12,28.60,79.01,0.6001,-1,-1,-1
137,33,297.04,178.15,27.23,80.92,0.5052,-1,-1,-1
137,43,534.30,190.96,21.89,58.19,0.4986,-1,-1,-1
137,23,-0.48,77.75,41.82,397.56,0.4105,-1,-1,-1
138,1,304.23,-0.32,271.36,480.94,0.9059,-1,-1,-1
138,2,4.84,0.20,223.64,480.14,0.8711,-1,-1,-1
138,17,192.52,23.05,90.48,412.22,0.8408,-1,-1,-1
138,26,501.31,193.02,28.15,79.05,0.5734,-1,-1,-1
138,33,293.76,178.39,31.72,81.06,0.6002,-1,-1,-1
138,43,533.16,190.18,23.84,58.44,0.4706,-1,-1,-1
139,1,304.62,-0.16,272.12,480.54,0.9105,-1,-1,-1
139,2,4.00,0.24,222.54,480.08,0.8713,-1,-1,-1
139,17,190.75,22.60,92.70,411.06,0.8469,-1,-1,-1
139,26,501.76,193.46,27.80,78.32,0.5509,-1,-1,-1
139,33,292.20,178.25,33.99,81.19,0.6246,-1,-1,-1
139,39,556.44,201.62,17.57,40.32,0.3997,-1,-1,-1
140,1,304.98,0.35,273.57,479.64,0.9103,-1,-1,-1
140,2,2.61,0.53,220.67,479.61,0.8797,-1,-1,-1
140,17,189.29,22.43,94.66,410.77,0.8525,-1,-1,-1
140,26,502.35,193.01,27.90,78.48,0.5436,-1,-1,-1
140,33,292.37,177.50,32.99,81.92,0.6005,-1,-1,-1
140,39,556.28,202.95,16.76,38.94,0.3277,-1,-1,-1
141,1,304.13,0.06,275.89,476.33,0.8997,-1,-1,-1
141,2,1.66,0.76,218.45,479.04,0.8872,-1,-1,-1
141,17,187.49,21.43,96.80,411.96,0.8562,-1,-1,-1
141,26,502.14,192.84,27.58,78.33,0.5853,-1,-1,-1
141,33,292.52,178.13,32.59,80.79,0.4768,-1,-1,-1
141,39,555.03,203.63,15.97,38.25,0.3268,-1,-1,-1
142,1,303.89,0.22,277.11,478.19,0.9093,-1,-1,-1
142,2,1.21,0.96,216.28,479.11,0.8836,-1,-1,-1
142,17,186.90,20.89,97.44,413.16,0.8585,-1,-1,-1
142,26,502.39,192.40,27.24,78.78,0.5656,-1,-1,-1
142,33,293.58,178.21,29.61,80.35,0.4528,-1,-1,-1
142,39,555.37,203.43,17.28,38.80,0.3902,-1,-1,-1
143,1,304.84,-0.12,278.35,479.69,0.9058,-1,-1,-1
143,2,0.28,0.85,216.05,479.56,0.8861,-1,-1,-1
143,17,185.31,20.26,99.38,414.32,0.8618,-1,-1,-1
143,26,503.82,192.04,25.36,78.56,0.5970,-1,-1,-1
143,33,292.16,178.18,31.93,81.13,0.5429,-1,-1,-1
143,39,555.49,205.81,15.13,36.62,0.3286,-1,-1,-1
144,1,304.97,-0.24,281.08,480.29,0.9140,-1,-1,-1
144,2,-0.09,0.76,216.14,479.23,0.8927,-1,-1,-1
144,17,184.64,20.22,100.05,414.04,0.8556,-1,-1,-1
144,26,504.46,191.49,24.09,78.77,0.5340,-1,-1,-1
144,33,292.72,178.14,30.68,80.55,0.5565,-1,-1,-1
144,39,554.52,203.90,16.31,38.49,0.4357,-1,-1,-1
145,1,306.46,-0.31,284.75,481.09,0.9005,-1,-1,-1
145,2,-0.21,0.33,214.80,479.38,0.9011,-1,-1,-1
145,17,182.80,19.80,101.64,414.00,0.8542,-1,-1,-1
145,26,505.59,192.21,23.05,78.25,0.5526,-1,-1,-1
145,33,293.40,178.32,29.47,80.22,0.5813,-1,-1,-1
145,39,555.13,202.86,19.28,52.20,0.4485,-1,-1,-1
146,1,308.12,-0.11,285.22,480.51,0.8601,-1,-1,-1
146,2,0.19,0.63,214.36,478.31,0.8963,-1,-1,-1
146,17,182.58,19.95,102.01,413.03,0.8512,-1,-1,-1
146,33,295.17,178.15,27.34,80.32,0.6026,-1,-1,-1
147,1,318.72,-0.11,283.40,477.90,0.8399,-1,-1,-1
147,2,0.43,1.22,215.23,476.84,0.8911,-1,-1,-1
147,17,183.01,20.24,101.69,412.44,0.8538,-1,-1,-1
147,33,296.36,177.39,25.03,82.09,0.3723,-1,-1,-1
148,1,317.31,0.12,290.40,476.33,0.8729,-1,-1,-1
148,2,1.33,1.50,216.35,477.08,0.8647,-1,-1,-1
148,17,185.23,20.57,99.70,411.95,0.8583,-1,-1,-1
148,33,298.23,177.75,23.82,82.95,0.3982,-1,-1,-1
149,1,316.68,0.18,294.49,476.04,0.8849,-1,-1,-1
149,2,2.28,1.23,219.77,477.78,0.8584,-1,-1,-1
149,17,188.00,20.96,96.79,410.67,0.8564,-1,-1,-1
149,33,300.23,178.22,22.35,83.93,0.4503,-1,-1,-1
149,44,289.66,197.41,19.84,62.25,0.4409,-1,-1,-1
150,1,316.14,0.27,297.95,477.81,0.8775,-1,-1,-1
150,2,2.38,1.43,222.31,478.16,0.8666,-1,-1,-1
150,17,189.63,21.72,95.10,412.01,0.8526,-1,-1,-1
