1,1,0.00,8.85,351.22,1061.89,0.9275,-1,-1,-1
1,2,874.76,152.61,238.81,626.87,0.8143,-1,-1,-1
1,3,546.17,271.41,94.46,315.82,0.8119,-1,-1,-1
1,4,404.00,277.97,107.41,319.40,0.8106,-1,-1,-1
1,5,740.97,330.80,42.17,124.87,0.4072,-1,-1,-1
1,6,1058.82,293.53,82.78,324.77,0.4008,-1,-1,-1
1,7,798.29,307.67,46.04,140.81,0.3543,-1,-1,-1
2,1,-0.19,5.72,345.39,1064.86,0.9307,-1,-1,-1
2,2,870.35,148.89,234.69,629.26,0.8053,-1,-1,-1
2,3,542.47,266.62,95.31,321.87,0.8085,-1,-1,-1
2,4,397.84,274.32,110.57,321.34,0.8139,-1,-1,-1
2,6,1054.04,291.67,86.87,329.76,0.4811,-1,-1,-1
3,1,-0.38,4.84,339.43,1063.69,0.9292,-1,-1,-1
3,2,865.37,152.02,227.20,628.20,0.8283,-1,-1,-1
3,3,536.79,266.03,96.78,326.75,0.8042,-1,-1,-1
3,4,390.92,274.45,108.92,322.72,0.8446,-1,-1,-1
3,6,1048.53,293.74,90.68,333.28,0.5739,-1,-1,-1
4,1,-0.26,3.24,327.04,1062.30,0.9252,-1,-1,-1
4,2,868.51,152.93,218.35,629.06,0.8344,-1,-1,-1
4,3,531.79,264.76,96.26,329.17,0.8075,-1,-1,-1
4,4,381.99,271.26,111.50,327.19,0.8421,-1,-1,-1
4,6,1044.02,292.94,91.17,342.39,0.5789,-1,-1,-1
4,5,732.70,324.77,41.51,129.49,0.4028,-1,-1,-1
5,1,-0.13,2.69,312.02,1063.03,0.9159,-1,-1,-1
5,2,876.98,151.48,207.00,636.28,0.8186,-1,-1,-1
5,3,526.26,262.11,97.42,334.17,0.8087,-1,-1,-1
5,4,376.13,265.21,111.68,331.68,0.8346,-1,-1,-1
5,6,1046.92,291.78,85.10,344.63,0.5786,-1,-1,-1
5,8,691.10,333.15,38.15,111.03,0.3967,-1,-1,-1
5,5,730.17,321.39,43.31,127.01,0.3937,-1,-1,-1
6,1,0.31,16.16,292.35,1056.27,0.8776,-1,-1,-1
6,2,883.77,151.03,197.86,628.72,0.8032,-1,-1,-1
6,3,520.24,262.00,100.98,335.93,0.7972,-1,-1,-1
6,4,371.80,262.12,111.26,334.78,0.8305,-1,-1,-1
6,6,1045.97,293.05,82.44,345.88,0.5863,-1,-1,-1
6,8,687.91,333.51,39.39,115.05,0.4196,-1,-1,-1
6,5,728.19,323.36,39.78,115.23,0.3996,-1,-1,-1
7,1,0.64,62.43,273.46,1009.53,0.9035,-1,-1,-1
7,2,890.81,153.10,189.57,622.08,0.8162,-1,-1,-1
7,3,515.37,260.19,102.20,343.62,0.7800,-1,-1,-1
7,4,364.03,261.07,113.75,338.16,0.8224,-1,-1,-1
7,6,1041.66,296.26,84.14,347.10,0.6034,-1,-1,-1
7,8,684.90,332.77,41.41,119.96,0.4064,-1,-1,-1
7,5,726.11,322.18,39.43,121.26,0.4656,-1,-1,-1
7,9,864.19,253.88,80.04,308.39,0.5744,-1,-1,-1
7,7,784.86,314.76,41.10,127.78,0.3461,-1,-1,-1
8,1,0.71,85.56,258.67,986.53,0.8960,-1,-1,-1
8,2,890.96,153.43,188.84,626.25,0.7931,-1,-1,-1
8,3,511.09,262.69,102.07,345.93,0.8154,-1,-1,-1
8,4,354.36,260.50,118.02,341.95,0.8266,-1,-1,-1
8,6,1037.77,299.57,86.98,347.17,0.6753,-1,-1,-1
8,8,682.47,332.54,40.61,121.56,0.5018,-1,-1,-1
8,5,723.59,321.79,40.73,125.28,0.5083,-1,-1,-1
8,9,862.95,263.34,73.81,300.91,0.5858,-1,-1,-1
8,7,782.91,305.83,48.03,141.24,0.4131,-1,-1,-1
9,1,0.21,100.33,227.78,972.89,0.8638,-1,-1,-1
9,2,888.99,154.67,186.87,625.80,0.7894,-1,-1,-1
9,3,506.54,262.90,103.27,344.85,0.8364,-1,-1,-1
9,4,348.00,260.86,119.98,343.79,0.8186,-1,-1,-1
9,6,1036.30,303.27,85.23,348.70,0.6621,-1,-1,-1
9,8,679.72,333.78,38.18,121.52,0.4072,-1,-1,-1
9,5,721.43,321.61,39.30,129.80,0.5789,-1,-1,-1
9,9,862.19,264.55,72.42,300.28,0.5881,-1,-1,-1
9,7,782.27,306.15,43.81,141.39,0.3866,-1,-1,-1
10,1,0.73,108.59,206.27,961.33,0.7268,-1,-1,-1
10,2,883.15,157.02,188.31,623.56,0.8161,-1,-1,-1
10,3,500.32,264.60,106.67,347.34,0.8259,-1,-1,-1
10,4,344.64,259.93,118.42,346.88,0.8078,-1,-1,-1
10,6,1036.37,301.64,82.87,352.80,0.7003,-1,-1,-1
10,8,676.67,336.01,40.74,123.56,0.4889,-1,-1,-1
10,5,720.25,323.89,40.11,131.09,0.5862,-1,-1,-1
10,9,861.53,262.29,72.29,302.69,0.5662,-1,-1,-1
10,7,778.04,300.04,48.14,152.00,0.4913,-1,-1,-1
11,1,1.01,113.43,178.56,954.59,0.7332,-1,-1,-1
11,2,880.32,157.02,187.60,628.59,0.8167,-1,-1,-1
11,3,493.76,263.23,109.63,352.68,0.8231,-1,-1,-1
11,4,337.87,261.84,121.08,348.97,0.7889,-1,-1,-1
11,6,1037.91,298.05,76.59,358.97,0.6633,-1,-1,-1
11,8,675.87,340.19,40.95,118.91,0.4718,-1,-1,-1
11,5,719.13,325.95,39.16,130.00,0.5182,-1,-1,-1
11,9,861.87,274.50,68.07,292.40,0.5329,-1,-1,-1
11,7,776.92,313.12,47.58,140.48,0.5637,-1,-1,-1
12,1,0.87,119.18,160.55,761.11,0.7881,-1,-1,-1
12,2,872.50,158.27,188.95,631.33,0.8356,-1,-1,-1
12,3,490.17,259.90,110.97,357.69,0.7974,-1,-1,-1
12,4,327.34,264.35,127.34,351.47,0.8274,-1,-1,-1
12,6,1037.17,297.15,72.81,361.79,0.6770,-1,-1,-1
12,8,674.03,339.85,40.90,121.06,0.4348,-1,-1,-1
12,5,718.02,327.14,40.91,131.66,0.5499,-1,-1,-1
12,9,863.53,250.70,67.11,315.28,0.3897,-1,-1,-1
12,7,774.47,318.19,51.55,136.23,0.5494,-1,-1,-1
12,10,828.34,323.70,43.53,122.97,0.3621,-1,-1,-1
13,1,0.89,139.29,139.80,625.64,0.8200,-1,-1,-1
13,2,864.37,156.21,195.07,637.22,0.8253,-1,-1,-1
13,3,483.74,256.64,114.11,361.59,0.8271,-1,-1,-1
13,4,319.20,264.77,133.18,355.50,0.8302,-1,-1,-1
13,6,1035.86,299.03,73.26,355.83,0.6952,-1,-1,-1
13,8,672.79,340.43,39.96,122.76,0.4347,-1,-1,-1
13,5,717.20,327.68,40.62,132.87,0.4863,-1,-1,-1
13,7,772.69,320.79,52.32,134.23,0.5424,-1,-1,-1
13,10,829.08,326.21,43.73,121.12,0.4357,-1,-1,-1
14,1,0.62,174.84,117.61,579.17,0.8183,-1,-1,-1
14,2,855.95,153.83,200.75,642.75,0.7862,-1,-1,-1
14,3,479.19,255.21,115.65,364.46,0.8364,-1,-1,-1
14,4,313.46,266.14,136.01,358.73,0.8351,-1,-1,-1
14,6,1034.17,293.37,73.80,358.54,0.6842,-1,-1,-1
14,8,672.09,342.25,37.88,120.81,0.3725,-1,-1,-1
14,5,715.39,327.47,43.46,133.64,0.5337,-1,-1,-1
14,7,772.71,323.40,48.98,130.59,0.5625,-1,-1,-1
14,10,828.44,325.72,44.03,122.21,0.4667,-1,-1,-1
15,1,0.35,231.32,85.98,542.47,0.5546,-1,-1,-1
15,2,844.22,153.42,207.73,639.41,0.7979,-1,-1,-1
15,3,474.98,256.56,119.31,363.06,0.8390,-1,-1,-1
15,4,313.23,268.99,133.80,360.07,0.8286,-1,-1,-1
15,6,1030.37,285.59,77.44,367.96,0.6672,-1,-1,-1
15,8,671.65,345.16,35.02,113.99,0.4075,-1,-1,-1
15,5,714.06,329.75,45.63,131.38,0.5302,-1,-1,-1
15,7,772.36,323.44,48.01,129.55,0.5425,-1,-1,-1
15,10,827.84,328.65,43.80,120.56,0.4348,-1,-1,-1
16,2,837.76,153.76,212.98,640.28,0.8020,-1,-1,-1
16,3,472.07,256.93,122.71,366.11,0.8447,-1,-1,-1
16,4,309.43,270.31,135.36,365.13,0.8396,-1,-1,-1
16,6,1027.19,278.20,81.50,377.01,0.6328,-1,-1,-1
16,8,671.02,348.78,32.99,109.95,0.4414,-1,-1,-1
16,5,713.65,330.94,45.75,130.92,0.5304,-1,-1,-1
16,7,771.17,324.32,49.45,129.00,0.5743,-1,-1,-1
16,10,828.37,333.07,42.69,116.96,0.4191,-1,-1,-1
17,2,834.95,155.16,216.88,642.66,0.8270,-1,-1,-1
17,3,470.70,258.87,123.96,367.74,0.8425,-1,-1,-1
17,4,307.84,274.63,134.57,367.67,0.8504,-1,-1,-1
17,6,1023.94,276.08,86.76,378.87,0.6611,-1,-1,-1
17,8,671.06,348.10,32.93,116.31,0.4480,-1,-1,-1
17,5,713.31,330.90,46.71,134.66,0.5726,-1,-1,-1
17,7,770.51,326.20,51.55,129.09,0.5934,-1,-1,-1
17,10,829.22,338.15,41.53,116.22,0.4206,-1,-1,-1
18,2,836.29,158.30,215.26,651.53,0.8572,-1,-1,-1
18,3,468.57,260.05,126.77,373.06,0.8380,-1,-1,-1
18,4,308.76,278.65,133.23,369.69,0.8304,-1,-1,-1
18,6,1021.65,261.77,89.09,392.20,0.6970,-1,-1,-1
18,5,714.03,333.39,46.81,135.90,0.4783,-1,-1,-1
18,7,771.83,320.78,50.83,139.43,0.4270,-1,-1,-1
18,10,829.40,340.14,42.21,117.32,0.3606,-1,-1,-1
19,2,841.49,160.77,205.14,656.95,0.8586,-1,-1,-1
19,3,466.66,264.49,130.28,378.33,0.8214,-1,-1,-1
19,4,297.97,281.96,143.30,377.09,0.8303,-1,-1,-1
19,6,1016.21,257.47,94.06,398.25,0.7187,-1,-1,-1
19,5,715.27,338.28,46.08,138.02,0.4879,-1,-1,-1
19,7,772.53,331.19,50.97,132.93,0.5105,-1,-1,-1
19,10,830.36,347.63,44.33,112.89,0.3046,-1,-1,-1
20,2,845.59,167.11,197.89,655.96,0.8635,-1,-1,-1
20,3,467.70,271.58,130.73,379.84,0.8268,-1,-1,-1
20,4,296.76,287.39,145.86,379.36,0.8284,-1,-1,-1
20,6,1012.66,252.18,98.30,408.09,0.7665,-1,-1,-1
20,5,717.64,342.90,43.96,139.90,0.5284,-1,-1,-1
20,7,773.32,335.22,51.82,131.88,0.5669,-1,-1,-1
20,10,829.03,356.26,47.99,108.00,0.3492,-1,-1,-1
21,2,860.03,170.23,188.67,657.11,0.8511,-1,-1,-1
21,3,472.69,274.25,133.96,387.04,0.8124,-1,-1,-1
21,4,303.51,288.99,146.22,383.84,0.8442,-1,-1,-1
21,6,1017.82,249.88,105.24,414.68,0.8079,-1,-1,-1
21,7,775.91,336.44,57.33,131.67,0.3777,-1,-1,-1
22,2,880.56,169.53,187.38,660.39,0.8537,-1,-1,-1
22,3,493.05,276.21,130.67,390.94,0.8248,-1,-1,-1
22,4,321.42,289.23,145.31,386.92,0.8275,-1,-1,-1
22,6,1032.99,249.80,107.76,419.22,0.7957,-1,-1,-1
22,7,796.27,340.06,54.44,135.06,0.5636,-1,-1,-1
22,5,744.15,349.62,42.72,139.22,0.5240,-1,-1,-1
23,2,886.30,171.15,188.82,664.18,0.8619,-1,-1,-1
23,3,506.18,280.71,129.85,393.78,0.8267,-1,-1,-1
23,4,331.20,291.57,145.69,387.94,0.8289,-1,-1,-1
23,6,1041.40,252.50,112.39,422.71,0.8010,-1,-1,-1
23,5,754.33,351.45,45.98,134.11,0.3741,-1,-1,-1
23,8,705.54,366.73,40.00,126.41,0.4195,-1,-1,-1
24,2,885.08,172.03,198.44,664.58,0.8683,-1,-1,-1
24,3,516.34,283.71,131.35,396.85,0.8445,-1,-1,-1
24,4,341.03,292.69,147.09,391.30,0.8330,-1,-1,-1
24,6,1048.15,254.53,118.97,419.57,0.8175,-1,-1,-1
24,5,766.86,351.82,43.90,137.01,0.5112,-1,-1,-1
24,8,716.26,367.60,41.65,126.66,0.5326,-1,-1,-1
24,7,823.41,346.54,49.22,133.36,0.5156,-1,-1,-1
25,2,881.53,172.47,207.04,661.70,0.8634,-1,-1,-1
25,3,524.54,284.74,134.44,403.75,0.8443,-1,-1,-1
25,4,353.15,294.51,146.37,390.24,0.8319,-1,-1,-1
25,6,1058.09,256.40,123.30,420.12,0.8358,-1,-1,-1
25,5,778.18,352.17,47.06,139.20,0.4209,-1,-1,-1
25,8,730.48,368.31,40.55,129.33,0.4547,-1,-1,-1
26,2,883.84,173.96,214.22,657.40,0.8694,-1,-1,-1
26,3,539.18,291.94,132.46,405.54,0.7980,-1,-1,-1
26,4,364.82,295.61,149.94,395.23,0.8537,-1,-1,-1
26,6,1067.70,259.98,131.82,423.17,0.8313,-1,-1,-1
26,5,793.98,353.86,45.82,134.69,0.3051,-1,-1,-1
26,8,744.67,375.23,40.95,122.76,0.3271,-1,-1,-1
27,2,884.70,176.80,223.66,657.76,0.8630,-1,-1,-1
27,3,553.21,294.18,133.13,411.38,0.8309,-1,-1,-1
27,4,379.97,299.58,146.53,397.62,0.8406,-1,-1,-1
27,6,1081.06,265.42,137.48,420.54,0.8297,-1,-1,-1
27,5,807.17,355.73,49.29,136.49,0.3705,-1,-1,-1
27,8,761.47,378.31,38.50,125.78,0.3307,-1,-1,-1
27,11,1874.67,551.72,48.77,204.44,0.3686,-1,-1,-1
28,2,884.38,184.04,231.47,658.48,0.8748,-1,-1,-1
28,3,561.18,299.88,132.55,413.66,0.8469,-1,-1,-1
28,4,385.03,305.84,148.18,399.24,0.8611,-1,-1,-1
28,6,1086.79,272.86,139.78,418.55,0.8360,-1,-1,-1
28,5,816.97,363.38,44.39,132.83,0.4378,-1,-1,-1
28,8,768.86,383.01,39.30,126.46,0.4183,-1,-1,-1
29,2,884.12,190.92,227.62,659.49,0.8794,-1,-1,-1
29,3,565.11,301.46,133.75,417.27,0.8639,-1,-1,-1
29,4,391.35,310.05,144.04,404.20,0.8420,-1,-1,-1
29,6,1091.12,278.49,143.22,426.81,0.8128,-1,-1,-1
29,5,820.70,368.11,45.09,141.07,0.5042,-1,-1,-1
29,8,773.38,387.33,40.69,128.82,0.3731,-1,-1,-1
30,2,887.59,195.81,226.32,661.05,0.8922,-1,-1,-1
30,3,569.45,301.19,136.67,418.01,0.8519,-1,-1,-1
30,4,397.34,312.70,144.40,411.01,0.8394,-1,-1,-1
30,6,1097.88,281.55,149.35,431.95,0.8322,-1,-1,-1
30,5,827.60,371.20,47.89,141.32,0.4914,-1,-1,-1
31,2,888.37,201.58,227.47,664.38,0.8832,-1,-1,-1
31,3,573.40,302.82,136.73,420.26,0.8356,-1,-1,-1
31,4,400.72,317.94,144.89,417.33,0.8435,-1,-1,-1
31,6,1102.12,285.45,153.50,435.72,0.8545,-1,-1,-1
31,5,836.45,378.72,44.66,139.22,0.5141,-1,-1,-1
31,8,789.77,394.09,41.27,126.65,0.4837,-1,-1,-1
32,2,889.26,208.65,230.66,667.97,0.8843,-1,-1,-1
32,3,577.64,305.39,135.17,427.64,0.8523,-1,-1,-1
32,4,402.55,323.21,145.24,419.25,0.8573,-1,-1,-1
32,6,1104.03,290.26,155.78,433.58,0.8578,-1,-1,-1
32,5,841.44,381.38,43.26,144.71,0.5932,-1,-1,-1
32,8,793.66,399.60,44.73,127.49,0.3946,-1,-1,-1
33,2,892.41,213.66,232.59,669.90,0.8824,-1,-1,-1
33,3,580.74,308.10,138.12,431.31,0.8464,-1,-1,-1
33,4,404.28,328.96,147.77,419.73,0.8586,-1,-1,-1
33,6,1106.30,298.06,161.78,431.54,0.8557,-1,-1,-1
33,5,846.30,388.12,44.25,144.99,0.5306,-1,-1,-1
33,8,799.02,402.92,43.15,127.20,0.3542,-1,-1,-1
34,2,894.07,219.73,238.64,672.59,0.8748,-1,-1,-1
34,3,584.96,309.58,136.52,434.35,0.8412,-1,-1,-1
34,4,402.03,332.86,149.20,425.84,0.8418,-1,-1,-1
34,6,1108.34,302.60,163.89,426.10,0.8550,-1,-1,-1
34,5,848.70,392.60,46.98,146.93,0.5586,-1,-1,-1
34,8,801.17,407.52,46.82,129.58,0.3365,-1,-1,-1
35,2,899.04,227.28,236.85,676.18,0.8777,-1,-1,-1
35,3,588.51,313.82,135.85,439.23,0.8299,-1,-1,-1
35,4,399.10,337.03,150.99,433.53,0.8268,-1,-1,-1
35,6,1110.21,307.06,165.87,421.65,0.8461,-1,-1,-1
35,5,850.48,397.47,48.13,146.65,0.5384,-1,-1,-1
35,8,803.29,409.98,48.91,133.44,0.4807,-1,-1,-1
36,2,903.44,233.72,233.45,678.44,0.8840,-1,-1,-1
36,3,590.87,318.72,138.96,442.32,0.8214,-1,-1,-1
36,4,394.20,341.15,152.04,439.74,0.8543,-1,-1,-1
36,6,1112.84,311.70,164.48,419.99,0.8511,-1,-1,-1
36,8,805.24,413.99,49.97,134.37,0.4319,-1,-1,-1
37,2,904.61,241.89,232.68,678.00,0.8903,-1,-1,-1
37,3,592.91,322.95,135.99,446.69,0.8044,-1,-1,-1
37,4,389.93,343.99,150.02,446.28,0.8665,-1,-1,-1
37,6,1117.01,315.78,163.13,424.20,0.8438,-1,-1,-1
37,8,806.49,422.56,50.64,130.77,0.3624,-1,-1,-1
37,5,860.20,413.34,43.92,135.59,0.4535,-1,-1,-1
38,2,909.84,248.61,228.90,677.62,0.8889,-1,-1,-1
38,3,593.98,328.69,135.53,450.52,0.8259,-1,-1,-1
38,4,383.36,348.12,152.67,448.92,0.8690,-1,-1,-1
38,6,1118.06,321.41,163.87,422.15,0.8463,-1,-1,-1
38,8,808.04,431.64,52.98,129.78,0.3782,-1,-1,-1
38,5,864.49,417.95,41.12,136.11,0.6131,-1,-1,-1
39,2,918.35,255.47,222.48,679.17,0.8846,-1,-1,-1
39,3,592.03,333.75,138.06,459.36,0.8165,-1,-1,-1
39,4,377.23,352.03,156.09,453.26,0.8802,-1,-1,-1
39,6,1122.56,328.18,160.63,427.23,0.8541,-1,-1,-1
39,8,810.16,439.27,50.91,119.98,0.3247,-1,-1,-1
39,5,864.47,425.09,42.83,134.78,0.5074,-1,-1,-1
40,2,924.25,258.10,217.04,684.82,0.8765,-1,-1,-1
40,3,586.41,342.19,143.48,467.26,0.7965,-1,-1,-1
40,4,371.28,356.15,158.65,456.28,0.8740,-1,-1,-1
40,6,1125.74,334.71,158.90,431.26,0.8542,-1,-1,-1
40,5,863.25,428.23,46.60,143.65,0.5479,-1,-1,-1
41,2,925.83,260.05,212.82,683.86,0.8804,-1,-1,-1
41,3,582.31,343.53,145.08,473.99,0.8022,-1,-1,-1
41,4,359.15,356.57,165.93,458.99,0.8626,-1,-1,-1
41,6,1130.47,339.13,155.08,430.85,0.8500,-1,-1,-1
41,5,862.56,432.81,47.53,144.73,0.4787,-1,-1,-1
42,2,928.95,265.76,208.39,676.78,0.8822,-1,-1,-1
42,3,577.14,347.52,148.44,480.07,0.7102,-1,-1,-1
42,4,346.30,358.02,171.86,465.30,0.8716,-1,-1,-1
42,6,1132.64,346.80,151.30,429.10,0.8558,-1,-1,-1
42,5,862.35,436.46,46.59,146.46,0.4658,-1,-1,-1
43,2,931.08,272.89,202.51,665.62,0.8819,-1,-1,-1
43,3,572.34,352.57,144.96,482.60,0.8054,-1,-1,-1
43,4,333.18,363.26,176.57,470.14,0.8483,-1,-1,-1
43,6,1130.70,353.68,151.54,429.67,0.8571,-1,-1,-1
43,5,859.63,442.22,46.44,139.06,0.3506,-1,-1,-1
44,2,930.60,278.32,199.83,659.98,0.8857,-1,-1,-1
44,3,566.96,356.08,143.00,490.37,0.8117,-1,-1,-1
44,4,318.53,365.72,182.13,476.46,0.8581,-1,-1,-1
44,6,1127.95,360.82,151.99,425.84,0.8564,-1,-1,-1
44,5,855.91,443.09,46.03,145.16,0.3893,-1,-1,-1
45,2,929.00,284.35,198.22,660.06,0.8876,-1,-1,-1
45,3,561.11,361.31,140.60,500.00,0.8246,-1,-1,-1
45,4,304.19,371.10,187.91,486.83,0.8454,-1,-1,-1
45,6,1124.32,367.96,151.19,426.46,0.8408,-1,-1,-1
45,5,848.72,449.47,48.58,146.33,0.4301,-1,-1,-1
46,2,925.35,292.90,197.37,664.36,0.8866,-1,-1,-1
46,3,554.35,365.10,140.73,506.97,0.8213,-1,-1,-1
46,4,292.33,378.12,189.58,499.78,0.8413,-1,-1,-1
46,6,1120.87,376.26,150.43,431.50,0.8509,-1,-1,-1
46,5,844.79,456.63,49.82,147.35,0.4778,-1,-1,-1
47,2,921.29,302.19,195.13,668.20,0.8781,-1,-1,-1
47,3,546.08,370.34,143.86,513.49,0.8248,-1,-1,-1
47,4,273.05,383.62,199.21,516.63,0.8436,-1,-1,-1
47,6,1116.85,382.63,147.87,433.92,0.8357,-1,-1,-1
47,5,841.40,468.65,49.69,138.54,0.3350,-1,-1,-1
48,2,915.92,309.70,195.38,676.21,0.8774,-1,-1,-1
48,3,533.91,373.18,149.30,523.07,0.8578,-1,-1,-1
48,4,257.44,391.64,205.25,527.33,0.8569,-1,-1,-1
48,6,1112.83,389.81,141.39,435.28,0.8321,-1,-1,-1
48,5,837.34,469.55,48.28,148.78,0.6837,-1,-1,-1
49,2,909.42,318.84,194.72,682.20,0.8784,-1,-1,-1
49,3,524.63,377.37,153.29,531.20,0.8508,-1,-1,-1
49,4,240.83,399.21,211.48,534.45,0.8719,-1,-1,-1
49,6,1105.68,395.67,145.29,434.92,0.8530,-1,-1,-1
49,5,831.81,473.60,49.74,150.70,0.4995,-1,-1,-1
50,2,903.91,327.77,193.66,683.58,0.8773,-1,-1,-1
50,3,518.72,383.41,155.29,537.34,0.8387,-1,-1,-1
50,4,224.87,406.77,218.37,528.26,0.8353,-1,-1,-1
50,6,1099.75,400.45,143.73,438.36,0.8538,-1,-1,-1
50,5,823.37,477.56,51.19,153.60,0.5770,-1,-1,-1
51,2,898.97,334.94,191.18,685.23,0.8694,-1,-1,-1
51,3,510.43,386.12,157.29,544.37,0.8470,-1,-1,-1
51,4,208.77,412.70,223.27,522.80,0.8440,-1,-1,-1
51,6,1094.99,403.66,144.79,439.52,0.8680,-1,-1,-1
51,5,816.72,480.40,54.78,155.73,0.5905,-1,-1,-1
52,2,893.93,341.73,189.79,684.66,0.8759,-1,-1,-1
52,3,502.12,388.46,160.10,547.12,0.8376,-1,-1,-1
52,4,195.59,417.28,226.96,548.35,0.8293,-1,-1,-1
52,6,1091.46,405.18,145.92,441.94,0.8645,-1,-1,-1
52,5,811.85,488.98,55.13,147.32,0.3282,-1,-1,-1
53,2,889.02,347.84,189.90,682.47,0.8783,-1,-1,-1
53,3,494.73,394.70,162.66,550.33,0.8404,-1,-1,-1
53,4,185.21,420.73,224.78,562.74,0.8704,-1,-1,-1
53,6,1084.99,408.39,151.99,443.07,0.8652,-1,-1,-1
53,5,809.94,492.23,54.03,147.02,0.6582,-1,-1,-1
54,2,883.44,351.17,192.47,680.02,0.8833,-1,-1,-1
54,3,485.26,396.31,169.06,557.48,0.8509,-1,-1,-1
54,4,174.63,422.33,226.43,572.99,0.8822,-1,-1,-1
54,6,1078.96,409.75,157.84,445.38,0.8712,-1,-1,-1
54,5,810.02,493.85,52.05,141.15,0.5952,-1,-1,-1
55,2,875.24,350.61,196.18,679.92,0.8837,-1,-1,-1
55,3,476.80,396.85,176.74,565.07,0.8581,-1,-1,-1
55,4,165.71,420.85,226.16,582.63,0.8952,-1,-1,-1
55,6,1074.67,410.36,161.81,445.68,0.8756,-1,-1,-1
55,5,807.59,493.24,52.85,142.69,0.4668,-1,-1,-1
55,8,747.41,508.34,51.17,139.89,0.5135,-1,-1,-1
56,2,870.13,350.06,197.19,682.11,0.8792,-1,-1,-1
56,3,471.00,398.94,183.53,576.08,0.8728,-1,-1,-1
56,4,158.05,419.96,224.93,592.81,0.8826,-1,-1,-1
56,6,1074.88,412.07,162.76,441.84,0.8744,-1,-1,-1
56,5,806.03,493.66,53.27,150.21,0.4625,-1,-1,-1
57,2,863.29,349.30,199.68,685.84,0.8752,-1,-1,-1
57,3,464.17,401.84,190.47,589.40,0.8758,-1,-1,-1
57,4,146.89,419.78,226.77,600.69,0.8887,-1,-1,-1
57,6,1073.67,413.95,164.84,439.09,0.8674,-1,-1,-1
57,5,805.46,497.31,53.20,153.43,0.3711,-1,-1,-1
58,2,857.64,348.22,203.00,680.19,0.8683,-1,-1,-1
58,3,458.50,399.70,195.84,605.35,0.8814,-1,-1,-1
58,4,137.83,418.21,228.99,610.95,0.8760,-1,-1,-1
58,6,1070.74,412.53,167.59,443.53,0.8718,-1,-1,-1
59,2,846.85,345.28,207.49,671.96,0.8827,-1,-1,-1
59,3,453.52,395.07,195.76,620.84,0.8830,-1,-1,-1
59,4,126.99,416.88,233.59,617.88,0.8969,-1,-1,-1
59,6,1069.11,413.74,169.28,441.75,0.8702,-1,-1,-1
60,2,838.13,345.27,209.93,667.14,0.8873,-1,-1,-1
60,3,450.97,396.27,193.40,626.07,0.8773,-1,-1,-1
60,4,115.04,415.81,238.12,623.85,0.9068,-1,-1,-1
60,6,1066.20,414.76,172.64,442.64,0.8682,-1,-1,-1
60,5,798.92,498.10,53.76,142.60,0.3746,-1,-1,-1
61,2,825.98,345.79,218.60,667.58,0.8888,-1,-1,-1
61,3,445.64,398.13,194.51,636.45,0.8643,-1,-1,-1
61,4,105.13,415.40,241.79,632.42,0.9052,-1,-1,-1
61,6,1063.78,415.94,176.20,443.12,0.8656,-1,-1,-1
61,5,797.71,498.23,53.59,140.28,0.4130,-1,-1,-1
62,2,820.07,345.05,224.77,667.91,0.8800,-1,-1,-1
62,3,444.58,397.07,194.62,644.19,0.8512,-1,-1,-1
62,4,98.50,411.98,244.06,652.01,0.9003,-1,-1,-1
62,6,1064.65,414.91,179.02,442.90,0.8628,-1,-1,-1
62,5,797.13,495.67,52.96,141.69,0.3431,-1,-1,-1
63,2,818.15,341.75,225.62,672.65,0.8811,-1,-1,-1
63,3,442.33,392.94,197.98,651.91,0.8613,-1,-1,-1
63,4,95.93,406.44,239.82,668.38,0.8924,-1,-1,-1
63,6,1066.37,413.39,182.90,443.07,0.8705,-1,-1,-1
63,14,1019.40,430.66,66.70,321.09,0.7148,-1,-1,-1
64,2,818.86,340.32,223.27,676.24,0.8784,-1,-1,-1
64,3,446.34,387.30,198.49,660.59,0.8709,-1,-1,-1
64,4,91.94,402.48,237.85,676.31,0.8872,-1,-1,-1
64,6,1068.44,413.51,185.50,443.29,0.8700,-1,-1,-1
64,14,1020.53,433.80,67.99,316.50,0.7914,-1,-1,-1
64,8,739.41,508.49,53.38,144.26,0.3746,-1,-1,-1
64,5,802.07,493.12,47.98,147.86,0.3707,-1,-1,-1
65,2,816.64,338.39,226.48,679.80,0.8890,-1,-1,-1
65,3,446.30,380.53,202.41,668.78,0.8722,-1,-1,-1
65,4,83.49,401.50,239.69,678.96,0.8834,-1,-1,-1
65,6,1071.87,411.35,186.71,444.68,0.8626,-1,-1,-1
65,14,1021.74,435.36,70.44,312.85,0.7868,-1,-1,-1
65,8,740.87,507.56,57.65,143.60,0.5812,-1,-1,-1
65,5,803.62,489.68,46.36,154.77,0.4018,-1,-1,-1
66,2,818.11,336.56,226.29,682.37,0.8875,-1,-1,-1
66,3,444.78,373.41,208.96,677.02,0.8764,-1,-1,-1
66,4,75.08,400.17,243.69,678.89,0.8885,-1,-1,-1
66,6,1079.62,406.15,188.17,450.56,0.8392,-1,-1,-1
66,14,1023.05,434.69,73.74,311.61,0.7797,-1,-1,-1
66,8,743.50,503.65,58.53,145.96,0.4667,-1,-1,-1
66,5,808.27,487.33,41.25,152.32,0.3335,-1,-1,-1
67,2,818.83,336.03,226.86,683.48,0.8931,-1,-1,-1
67,3,443.95,366.65,213.72,683.95,0.8733,-1,-1,-1
67,4,65.24,395.98,246.00,682.96,0.8880,-1,-1,-1
67,6,1084.52,402.31,190.48,455.80,0.8461,-1,-1,-1
67,14,1023.59,431.88,76.90,309.06,0.7461,-1,-1,-1
67,8,745.57,497.20,59.67,149.28,0.6051,-1,-1,-1
68,2,820.75,334.71,227.18,684.96,0.8934,-1,-1,-1
68,3,441.97,356.90,219.79,692.41,0.8708,-1,-1,-1
68,4,51.30,392.79,251.61,681.49,0.8889,-1,-1,-1
68,6,1090.39,399.06,184.36,455.49,0.8456,-1,-1,-1
68,14,1025.97,424.92,79.13,313.13,0.7259,-1,-1,-1
68,8,747.39,496.08,60.11,146.88,0.5304,-1,-1,-1
69,2,827.24,330.99,224.43,685.86,0.8879,-1,-1,-1
69,3,441.92,348.21,224.46,700.75,0.8775,-1,-1,-1
69,4,37.75,384.56,260.13,685.95,0.8998,-1,-1,-1
69,6,1094.66,395.25,182.72,456.59,0.8726,-1,-1,-1
69,14,1029.94,420.25,79.06,314.73,0.7208,-1,-1,-1
69,8,750.57,491.22,59.86,148.94,0.6034,-1,-1,-1
70,2,828.75,328.07,225.53,684.09,0.8967,-1,-1,-1
70,3,438.00,341.28,230.99,708.70,0.8913,-1,-1,-1
70,4,20.01,376.47,270.23,695.28,0.9135,-1,-1,-1
70,6,1097.45,391.22,182.68,457.22,0.8721,-1,-1,-1
70,14,1032.12,416.36,79.58,315.24,0.7091,-1,-1,-1
70,8,752.66,487.11,59.45,150.88,0.5373,-1,-1,-1
70,15,1547.50,449.96,54.33,63.98,0.3554,-1,-1,-1
71,2,831.30,325.34,224.73,682.44,0.8904,-1,-1,-1
71,3,433.09,334.16,235.88,720.30,0.8901,-1,-1,-1
71,4,5.02,368.91,269.78,703.27,0.9096,-1,-1,-1
71,6,1100.03,386.81,180.82,455.25,0.8643,-1,-1,-1
71,14,1032.68,412.65,80.56,315.80,0.7217,-1,-1,-1
71,8,753.03,484.31,60.05,151.35,0.5789,-1,-1,-1
71,15,1544.35,447.28,59.06,62.67,0.4409,-1,-1,-1
72,2,831.80,320.44,225.93,682.58,0.8906,-1,-1,-1
72,3,427.94,325.28,239.80,741.67,0.8916,-1,-1,-1
72,4,-2.40,361.46,262.65,711.47,0.9195,-1,-1,-1
72,6,1102.59,384.36,179.43,452.56,0.8592,-1,-1,-1
72,14,1033.93,410.72,79.86,315.11,0.7227,-1,-1,-1
72,8,753.95,483.52,60.27,150.80,0.5615,-1,-1,-1
72,15,1550.79,445.34,53.64,61.99,0.4067,-1,-1,-1
73,2,832.89,314.55,224.93,680.09,0.8855,-1,-1,-1
73,3,421.77,315.61,243.34,758.72,0.8933,-1,-1,-1
73,4,-4.83,349.84,249.38,723.01,0.9111,-1,-1,-1
73,6,1104.15,381.33,177.65,447.23,0.8556,-1,-1,-1
73,14,1034.90,409.87,78.70,313.14,0.6758,-1,-1,-1
73,8,753.24,477.74,57.66,152.55,0.4691,-1,-1,-1
73,15,1546.57,442.46,58.57,61.42,0.4260,-1,-1,-1
74,2,832.46,309.38,224.88,669.41,0.8805,-1,-1,-1
74,3,413.90,310.03,246.91,765.68,0.8907,-1,-1,-1
74,4,-5.23,342.97,232.27,732.47,0.9065,-1,-1,-1
74,6,1105.44,378.04,174.25,443.44,0.8565,-1,-1,-1
74,14,1034.62,409.50,79.44,311.38,0.6848,-1,-1,-1
74,8,750.66,474.97,59.07,152.76,0.5560,-1,-1,-1
74,15,1546.60,440.71,61.74,61.48,0.4308,-1,-1,-1
75,2,834.88,305.21,221.19,663.89,0.8721,-1,-1,-1
75,3,404.19,303.21,250.16,773.08,0.8954,-1,-1,-1
75,4,-4.47,332.40,214.80,744.38,0.8958,-1,-1,-1
75,6,1105.42,375.52,173.47,441.20,0.8616,-1,-1,-1
75,14,1034.60,419.83,77.10,298.61,0.6642,-1,-1,-1
75,8,748.97,471.99,58.44,153.41,0.5618,-1,-1,-1
75,15,1546.19,438.63,64.28,61.68,0.4430,-1,-1,-1
75,5,817.10,456.30,44.78,159.56,0.3709,-1,-1,-1
76,2,839.45,301.19,217.14,661.82,0.8691,-1,-1,-1
76,3,393.63,296.75,254.41,777.69,0.8894,-1,-1,-1
76,4,-3.90,323.88,197.83,751.20,0.8883,-1,-1,-1
76,6,1108.25,373.43,168.86,440.23,0.8559,-1,-1,-1
76,14,1035.14,431.98,76.57,282.94,0.7228,-1,-1,-1
76,8,747.14,471.56,61.54,149.36,0.5169,-1,-1,-1
76,15,1544.28,437.82,68.47,61.82,0.4525,-1,-1,-1
76,5,816.74,452.81,44.61,162.59,0.3975,-1,-1,-1
77,2,844.46,298.69,210.26,663.26,0.8786,-1,-1,-1
77,3,383.63,293.43,257.69,777.63,0.8913,-1,-1,-1
77,4,-3.03,317.64,180.99,758.81,0.8802,-1,-1,-1
77,6,1109.19,372.08,167.25,441.89,0.8657,-1,-1,-1
77,14,1034.12,435.97,77.26,278.42,0.6324,-1,-1,-1
77,8,745.60,471.01,64.49,148.96,0.5040,-1,-1,-1
77,15,1541.68,437.70,71.64,61.14,0.4086,-1,-1,-1
77,5,816.71,450.90,44.71,161.08,0.4081,-1,-1,-1
78,2,848.91,296.19,201.48,665.76,0.8637,-1,-1,-1
78,3,369.28,289.53,263.84,783.06,0.8972,-1,-1,-1
78,4,-3.08,311.93,162.37,762.71,0.8673,-1,-1,-1
78,6,1108.42,370.89,166.46,443.22,0.8640,-1,-1,-1
78,14,1030.07,424.18,78.24,291.96,0.7076,-1,-1,-1
78,8,742.91,466.33,65.71,154.74,0.5499,-1,-1,-1
78,15,1542.33,437.27,70.09,61.46,0.4210,-1,-1,-1
78,5,814.25,450.84,45.64,162.10,0.6321,-1,-1,-1
79,2,850.96,292.38,198.02,670.82,0.8592,-1,-1,-1
79,3,353.17,284.27,267.05,788.75,0.9003,-1,-1,-1
79,4,-3.06,308.43,145.94,765.86,0.8291,-1,-1,-1
79,6,1107.77,368.13,165.46,444.89,0.8600,-1,-1,-1
79,14,1025.01,408.67,79.77,306.64,0.7189,-1,-1,-1
79,8,741.22,468.48,56.09,152.39,0.4962,-1,-1,-1
79,15,1540.07,435.85,68.85,61.69,0.3016,-1,-1,-1
79,5,810.83,449.11,46.73,165.26,0.6450,-1,-1,-1
80,2,850.34,289.39,193.20,675.18,0.8566,-1,-1,-1
80,3,334.58,276.18,274.17,795.99,0.8965,-1,-1,-1
80,4,-2.81,385.90,123.20,504.17,0.5093,-1,-1,-1
80,6,1105.34,364.59,162.75,447.50,0.8433,-1,-1,-1
80,14,1021.79,401.06,76.44,314.18,0.7097,-1,-1,-1
80,8,737.49,468.86,52.66,153.45,0.5411,-1,-1,-1
80,5,802.46,445.99,54.16,170.26,0.6151,-1,-1,-1
81,2,848.90,291.09,189.88,675.83,0.8514,-1,-1,-1
81,3,316.96,267.20,278.66,803.80,0.9018,-1,-1,-1
81,4,-2.18,426.67,96.30,445.96,0.6418,-1,-1,-1
81,6,1103.09,363.62,158.04,446.57,0.8567,-1,-1,-1
81,14,1016.84,403.41,74.67,310.60,0.6937,-1,-1,-1
81,8,731.89,464.06,52.49,154.45,0.5612,-1,-1,-1
81,5,796.60,444.06,55.82,169.41,0.6196,-1,-1,-1
82,2,846.43,291.70,186.42,675.37,0.8529,-1,-1,-1
82,3,295.41,254.19,292.51,817.65,0.8974,-1,-1,-1
82,4,-1.30,441.24,72.90,371.56,0.7815,-1,-1,-1
82,6,1099.11,359.35,155.30,447.72,0.8627,-1,-1,-1
82,14,1013.82,393.61,74.54,314.71,0.6466,-1,-1,-1
82,8,725.64,456.90,53.46,158.21,0.6341,-1,-1,-1
82,5,792.54,440.39,56.46,169.57,0.6749,-1,-1,-1
83,2,844.50,290.88,180.30,674.35,0.8514,-1,-1,-1
83,3,272.33,241.37,301.53,829.61,0.8896,-1,-1,-1
83,6,1095.44,357.24,152.45,451.16,0.8518,-1,-1,-1
83,14,1003.83,384.13,80.11,321.88,0.5449,-1,-1,-1
83,8,720.22,452.10,58.14,156.88,0.3876,-1,-1,-1
83,5,789.84,436.34,54.42,166.66,0.5785,-1,-1,-1
84,2,836.94,291.20,177.69,675.12,0.8476,-1,-1,-1
84,3,244.39,229.87,305.47,843.09,0.9033,-1,-1,-1
84,6,1087.53,354.57,153.58,455.70,0.8586,-1,-1,-1
84,14,995.39,377.65,80.82,322.04,0.7452,-1,-1,-1
84,8,712.31,449.83,56.31,155.67,0.5917,-1,-1,-1
84,5,783.22,434.54,52.96,166.57,0.5587,-1,-1,-1
85,2,826.42,289.79,176.70,672.54,0.8275,-1,-1,-1
85,3,212.34,217.35,325.02,856.44,0.9170,-1,-1,-1
85,6,1079.81,353.39,149.87,454.24,0.8485,-1,-1,-1
85,14,984.98,373.61,81.79,319.37,0.7616,-1,-1,-1
85,8,705.78,449.96,53.96,152.47,0.4575,-1,-1,-1
85,5,772.85,427.44,54.68,170.32,0.5998,-1,-1,-1
86,2,812.60,284.67,180.56,672.04,0.8417,-1,-1,-1
86,3,186.85,204.10,326.52,870.48,0.9056,-1,-1,-1
86,6,1071.74,349.09,150.33,454.48,0.8318,-1,-1,-1
86,14,972.36,369.04,87.82,320.14,0.8069,-1,-1,-1
86,8,695.73,444.82,56.86,154.62,0.5367,-1,-1,-1
86,5,767.89,420.79,49.58,175.29,0.5159,-1,-1,-1
86,19,483.14,413.14,77.08,283.88,0.7152,-1,-1,-1
87,2,798.92,279.15,186.86,675.09,0.8524,-1,-1,-1
87,3,156.78,189.96,332.91,885.36,0.9104,-1,-1,-1
87,6,1062.96,346.45,152.13,452.95,0.8509,-1,-1,-1
87,14,962.55,365.91,90.76,320.33,0.7796,-1,-1,-1
87,8,688.24,445.93,58.96,151.83,0.4641,-1,-1,-1
87,5,760.05,414.27,48.72,179.95,0.6884,-1,-1,-1
87,19,472.68,410.59,76.67,285.38,0.7296,-1,-1,-1
88,2,783.16,274.86,196.36,671.39,0.8571,-1,-1,-1
88,3,130.76,180.12,339.17,896.18,0.9155,-1,-1,-1
88,6,1053.18,340.64,152.04,453.98,0.8485,-1,-1,-1
88,14,950.12,359.18,95.08,323.77,0.7449,-1,-1,-1
88,8,680.01,440.68,57.52,154.20,0.6147,-1,-1,-1
88,5,748.72,409.87,50.09,177.82,0.4646,-1,-1,-1
88,19,449.48,407.98,90.78,286.68,0.7607,-1,-1,-1
89,2,768.59,268.91,201.50,669.04,0.8477,-1,-1,-1
89,3,103.68,168.58,350.73,906.54,0.9201,-1,-1,-1
89,6,1043.69,334.45,157.83,454.15,0.8534,-1,-1,-1
89,14,941.10,357.48,98.40,319.32,0.8162,-1,-1,-1
89,8,672.38,436.47,58.79,156.39,0.5573,-1,-1,-1
89,5,743.05,407.47,44.08,180.52,0.3303,-1,-1,-1
89,19,431.31,398.58,102.46,297.99,0.7739,-1,-1,-1
90,2,752.24,261.61,213.17,659.78,0.8689,-1,-1,-1
90,3,74.82,154.05,369.25,920.61,0.9241,-1,-1,-1
90,6,1037.27,328.58,158.98,458.38,0.8482,-1,-1,-1
90,14,936.21,354.03,97.61,316.38,0.7823,-1,-1,-1
90,8,666.41,432.91,61.56,156.08,0.4318,-1,-1,-1
90,19,420.02,390.19,106.37,303.05,0.7799,-1,-1,-1
91,2,738.06,257.10,221.48,650.76,0.8808,-1,-1,-1
91,3,50.83,142.30,382.19,930.53,0.9224,-1,-1,-1
91,6,1030.84,324.20,162.83,456.70,0.8681,-1,-1,-1
91,14,929.62,349.68,100.27,317.70,0.7997,-1,-1,-1
91,8,659.56,426.61,56.74,156.60,0.4526,-1,-1,-1
91,19,411.50,386.13,106.69,305.69,0.7615,-1,-1,-1
92,2,725.44,251.72,226.87,650.47,0.8787,-1,-1,-1
92,3,23.68,128.29,400.74,944.51,0.9221,-1,-1,-1
92,6,1025.08,318.42,166.40,454.76,0.8636,-1,-1,-1
92,14,923.71,348.30,98.69,316.92,0.7895,-1,-1,-1
92,8,654.24,423.31,59.02,157.88,0.5489,-1,-1,-1
92,19,402.73,384.13,108.73,307.88,0.8223,-1,-1,-1
92,23,1505.16,395.59,37.75,60.60,0.4943,-1,-1,-1
93,2,715.64,245.84,233.83,653.57,0.8891,-1,-1,-1
93,3,1.07,116.96,412.29,956.09,0.9244,-1,-1,-1
93,6,1018.49,314.07,170.57,454.47,0.8705,-1,-1,-1
93,14,920.88,346.81,98.68,316.86,0.7763,-1,-1,-1
93,8,652.05,420.70,56.36,157.56,0.3373,-1,-1,-1
93,19,395.45,379.45,109.76,312.09,0.8071,-1,-1,-1
93,23,1497.92,390.44,42.26,62.18,0.4659,-1,-1,-1
93,24,1845.06,838.92,73.86,194.67,0.3963,-1,-1,-1
94,2,708.35,241.98,232.31,657.48,0.8729,-1,-1,-1
94,3,-6.85,107.10,410.33,968.61,0.9323,-1,-1,-1
94,6,1013.67,312.47,174.29,453.99,0.8726,-1,-1,-1
94,14,918.07,345.98,99.97,318.48,0.8026,-1,-1,-1
94,19,388.47,378.08,112.01,310.73,0.8026,-1,-1,-1
94,23,1495.27,390.04,42.37,59.55,0.4162,-1,-1,-1
94,25,1725.36,853.66,94.52,220.75,0.3618,-1,-1,-1
95,2,701.73,240.38,232.52,663.42,0.8860,-1,-1,-1
95,3,-8.87,97.68,408.07,979.19,0.9307,-1,-1,-1
95,6,1008.30,311.65,178.18,453.64,0.8644,-1,-1,-1
95,14,916.06,344.62,99.59,319.85,0.7805,-1,-1,-1
95,19,382.80,375.68,113.36,314.51,0.8174,-1,-1,-1
95,23,1493.39,390.81,41.53,58.07,0.3194,-1,-1,-1
95,25,1724.27,855.24,95.14,219.74,0.3667,-1,-1,-1
96,2,694.05,242.09,233.05,664.42,0.9045,-1,-1,-1
96,3,-8.59,87.06,392.53,990.08,0.9349,-1,-1,-1
96,6,1004.11,311.23,182.55,455.45,0.8598,-1,-1,-1
96,14,912.40,345.16,101.95,319.96,0.7540,-1,-1,-1
96,19,378.23,374.83,113.03,320.38,0.8098,-1,-1,-1
96,23,1490.64,392.03,41.51,57.16,0.3033,-1,-1,-1
96,25,1723.52,856.13,97.36,220.57,0.4038,-1,-1,-1
97,2,693.42,241.25,230.27,669.87,0.8996,-1,-1,-1
97,3,-6.96,76.28,378.61,1000.12,0.9338,-1,-1,-1
97,6,1002.15,310.68,186.34,456.11,0.8618,-1,-1,-1
97,14,906.24,343.16,106.80,319.48,0.7328,-1,-1,-1
97,19,376.06,371.13,113.77,325.96,0.8189,-1,-1,-1
97,25,1726.55,855.73,97.39,221.17,0.4493,-1,-1,-1
97,8,633.88,418.20,60.79,162.15,0.5593,-1,-1,-1
97,24,1849.18,834.99,70.20,185.63,0.3590,-1,-1,-1
98,2,692.98,242.96,228.11,674.56,0.8996,-1,-1,-1
98,3,-5.55,60.04,366.12,1014.00,0.9344,-1,-1,-1
98,6,1001.52,310.81,190.79,458.48,0.8591,-1,-1,-1
98,14,906.88,343.49,105.85,320.62,0.7306,-1,-1,-1
98,19,375.38,369.01,113.95,330.27,0.8255,-1,-1,-1
98,25,1731.24,857.80,97.70,220.73,0.4000,-1,-1,-1
98,8,632.63,416.49,59.99,165.89,0.6311,-1,-1,-1
99,2,692.70,246.47,227.43,676.84,0.8985,-1,-1,-1
99,3,-3.92,48.06,353.90,1025.50,0.9272,-1,-1,-1
99,6,1002.34,311.30,195.85,460.36,0.8700,-1,-1,-1
99,14,908.21,343.66,105.23,320.92,0.7370,-1,-1,-1
99,19,374.61,366.98,114.59,334.04,0.8214,-1,-1,-1
99,8,633.22,416.48,56.30,165.71,0.6340,-1,-1,-1
100,2,693.98,249.45,224.54,675.80,0.8988,-1,-1,-1
100,3,-2.68,36.51,340.08,1035.43,0.9225,-1,-1,-1
100,6,1004.71,312.36,198.79,460.56,0.8763,-1,-1,-1
100,14,910.40,347.55,105.86,318.13,0.7435,-1,-1,-1
100,19,373.00,367.68,115.79,334.37,0.8323,-1,-1,-1
100,8,631.96,415.38,58.42,166.31,0.6493,-1,-1,-1
100,23,1495.91,381.50,43.58,66.59,0.4183,-1,-1,-1
101,2,699.31,250.04,218.80,675.79,0.8890,-1,-1,-1
101,3,-1.79,19.47,323.11,1054.79,0.9144,-1,-1,-1
101,6,1007.06,311.66,201.31,462.78,0.8568,-1,-1,-1
101,14,913.27,347.67,105.56,317.48,0.7683,-1,-1,-1
101,19,374.00,365.55,115.92,337.62,0.8239,-1,-1,-1
101,8,633.60,413.85,59.02,165.62,0.7018,-1,-1,-1
102,2,703.12,250.83,219.85,670.99,0.8948,-1,-1,-1
102,3,-0.63,11.89,303.11,1061.51,0.9190,-1,-1,-1
102,6,1013.93,312.08,200.05,464.59,0.8308,-1,-1,-1
102,14,919.52,347.02,103.89,318.84,0.7923,-1,-1,-1
102,19,375.40,364.46,117.17,341.26,0.8319,-1,-1,-1
102,8,637.42,413.68,59.60,165.77,0.5224,-1,-1,-1
103,2,714.18,250.70,221.23,667.57,0.8881,-1,-1,-1
103,3,1.20,6.76,284.52,1065.55,0.9092,-1,-1,-1
103,6,1022.88,314.12,202.21,465.61,0.8433,-1,-1,-1
103,14,930.34,342.38,101.93,321.65,0.7443,-1,-1,-1
103,19,384.25,365.29,115.54,338.93,0.8037,-1,-1,-1
103,8,643.93,409.88,60.75,166.40,0.5544,-1,-1,-1
104,2,726.43,247.45,222.02,668.40,0.8919,-1,-1,-1
104,3,3.22,7.44,264.78,1056.46,0.8316,-1,-1,-1
104,6,1040.73,309.46,203.25,469.00,0.8582,-1,-1,-1
104,14,942.71,338.89,105.56,322.47,0.7345,-1,-1,-1
104,19,395.90,368.05,114.37,336.31,0.8112,-1,-1,-1
104,8,658.25,407.19,58.02,168.50,0.6639,-1,-1,-1
104,25,1787.17,859.47,107.62,220.52,0.3975,-1,-1,-1
104,23,1533.78,376.48,43.54,66.44,0.5237,-1,-1,-1
105,2,738.49,245.69,220.92,665.28,0.8861,-1,-1,-1
105,3,2.59,165.24,241.45,902.13,0.7801,-1,-1,-1
105,6,1052.88,308.74,202.03,469.79,0.8547,-1,-1,-1
105,14,953.43,334.74,104.62,327.06,0.7371,-1,-1,-1
105,19,404.30,365.99,112.82,338.16,0.8087,-1,-1,-1
105,8,665.30,407.99,59.55,167.16,0.3739,-1,-1,-1
105,25,1804.35,861.13,108.01,219.04,0.4947,-1,-1,-1
105,23,1546.39,374.52,45.99,67.45,0.4179,-1,-1,-1
106,2,747.79,242.55,215.84,654.39,0.8781,-1,-1,-1
106,3,1.05,225.19,160.76,729.76,0.6228,-1,-1,-1
106,6,1064.78,304.20,204.77,475.69,0.8421,-1,-1,-1
106,14,959.95,332.09,104.44,329.02,0.7895,-1,-1,-1
106,19,410.93,364.45,112.27,337.22,0.8015,-1,-1,-1
106,8,669.79,405.25,61.74,167.72,0.6820,-1,-1,-1
106,25,1817.73,858.14,103.77,221.61,0.6350,-1,-1,-1
106,23,1557.12,372.46,44.98,67.51,0.4629,-1,-1,-1
107,2,756.24,237.67,212.94,647.10,0.8783,-1,-1,-1
107,3,0.26,245.20,109.18,769.83,0.7251,-1,-1,-1
107,6,1073.04,302.97,199.34,475.33,0.8424,-1,-1,-1
107,14,964.88,330.45,106.43,327.79,0.7449,-1,-1,-1
107,19,414.97,361.97,112.84,338.94,0.7888,-1,-1,-1
107,8,671.83,403.96,65.51,169.12,0.6755,-1,-1,-1
107,25,1831.13,856.18,93.10,222.10,0.4784,-1,-1,-1
107,23,1567.64,371.50,44.54,66.98,0.3619,-1,-1,-1
108,2,762.06,234.26,210.08,645.17,0.8828,-1,-1,-1
108,6,1080.97,301.70,182.62,473.23,0.8386,-1,-1,-1
108,14,969.04,328.57,106.61,329.12,0.7282,-1,-1,-1
108,19,417.34,360.52,113.15,344.16,0.7966,-1,-1,-1
108,8,674.05,403.30,67.32,170.08,0.7286,-1,-1,-1
108,23,1575.60,370.29,43.63,65.86,0.4637,-1,-1,-1
109,2,770.26,232.52,204.00,644.77,0.8753,-1,-1,-1
109,6,1085.75,298.66,174.09,470.46,0.8704,-1,-1,-1
109,14,972.63,327.18,99.61,327.02,0.5493,-1,-1,-1
109,19,416.17,358.46,115.40,349.05,0.8082,-1,-1,-1
109,8,677.79,401.32,65.48,170.80,0.6812,-1,-1,-1
109,23,1583.34,372.25,43.00,63.33,0.6009,-1,-1,-1
110,2,772.83,230.72,202.92,646.39,0.8753,-1,-1,-1
110,6,1089.63,295.38,171.66,466.92,0.8721,-1,-1,-1
110,14,976.25,324.48,102.25,327.39,0.6669,-1,-1,-1
110,19,413.06,354.60,117.68,355.63,0.7983,-1,-1,-1
110,8,679.54,398.35,66.83,171.16,0.6261,-1,-1,-1
110,23,1588.12,368.37,41.10,64.79,0.4036,-1,-1,-1
111,2,776.66,229.60,199.34,649.17,0.8721,-1,-1,-1
111,6,1093.51,292.24,169.28,463.41,0.8667,-1,-1,-1
111,14,976.39,323.82,104.53,325.60,0.6149,-1,-1,-1
111,19,411.02,352.70,119.82,355.99,0.8059,-1,-1,-1
111,8,682.32,395.25,66.23,173.27,0.6588,-1,-1,-1
111,23,1598.11,370.24,39.19,63.12,0.4412,-1,-1,-1
112,2,778.03,229.02,197.53,649.43,0.8674,-1,-1,-1
112,6,1097.97,289.23,168.76,460.95,0.8549,-1,-1,-1
112,14,975.60,323.42,108.37,326.17,0.6338,-1,-1,-1
112,19,412.02,349.69,118.45,359.11,0.7482,-1,-1,-1
112,8,684.57,394.72,67.21,174.23,0.6441,-1,-1,-1
113,2,780.11,228.56,195.18,650.23,0.8648,-1,-1,-1
113,6,1103.65,286.50,166.29,462.79,0.8511,-1,-1,-1
113,14,979.23,323.03,108.67,325.81,0.6026,-1,-1,-1
113,19,411.21,347.87,118.49,362.95,0.7392,-1,-1,-1
113,8,686.44,391.44,68.10,178.89,0.7009,-1,-1,-1
114,2,785.24,230.16,191.43,651.22,0.8545,-1,-1,-1
114,6,1109.48,285.04,163.35,465.91,0.8578,-1,-1,-1
114,14,985.45,321.42,104.76,321.90,0.5927,-1,-1,-1
114,19,411.97,345.39,117.72,366.01,0.7352,-1,-1,-1
114,8,689.82,392.67,67.44,176.78,0.6295,-1,-1,-1
114,23,1613.17,374.02,38.92,53.77,0.3496,-1,-1,-1
115,2,790.73,231.99,190.97,651.51,0.8444,-1,-1,-1
115,6,1112.85,285.66,163.03,466.16,0.8679,-1,-1,-1
115,14,994.24,320.96,101.28,322.63,0.7349,-1,-1,-1
115,19,410.95,344.29,119.93,368.47,0.7379,-1,-1,-1
115,8,693.94,391.31,66.49,178.89,0.5955,-1,-1,-1
115,23,1621.84,367.33,36.74,59.81,0.3317,-1,-1,-1
116,2,793.14,233.10,191.33,652.03,0.8509,-1,-1,-1
116,6,1115.16,285.93,163.79,464.86,0.8630,-1,-1,-1
116,14,994.52,322.34,106.52,320.51,0.7067,-1,-1,-1
116,19,406.07,342.96,125.09,370.44,0.7733,-1,-1,-1
116,8,694.33,392.52,68.35,179.46,0.5573,-1,-1,-1
116,23,1626.07,364.82,38.13,62.44,0.3823,-1,-1,-1
117,2,792.57,233.27,189.79,652.36,0.8521,-1,-1,-1
117,6,1117.36,284.64,164.10,466.78,0.8591,-1,-1,-1
117,14,994.47,321.05,107.44,321.09,0.6699,-1,-1,-1
117,19,402.24,342.60,128.33,370.17,0.7213,-1,-1,-1
117,8,691.29,389.79,73.02,179.77,0.6245,-1,-1,-1
118,2,786.98,235.33,189.41,649.88,0.8566,-1,-1,-1
118,6,1118.75,285.56,165.06,469.61,0.8564,-1,-1,-1
118,14,986.27,322.39,115.84,321.53,0.7296,-1,-1,-1
118,19,396.55,339.95,131.25,374.71,0.7031,-1,-1,-1
118,8,688.96,391.57,74.82,179.64,0.6155,-1,-1,-1
119,2,783.50,235.58,188.71,649.52,0.8667,-1,-1,-1
119,6,1122.07,287.35,162.66,472.29,0.8511,-1,-1,-1
119,14,980.78,324.24,121.76,321.99,0.7557,-1,-1,-1
119,19,391.41,338.73,132.68,376.97,0.8252,-1,-1,-1
119,8,689.89,392.90,73.76,179.47,0.5529,-1,-1,-1
120,2,777.47,233.42,191.91,649.17,0.8782,-1,-1,-1
120,6,1122.49,287.89,161.80,474.02,0.8532,-1,-1,-1
120,14,974.98,324.62,125.66,323.02,0.7074,-1,-1,-1
120,19,386.61,334.68,133.12,382.85,0.8358,-1,-1,-1
120,8,686.82,392.30,76.14,179.03,0.5289,-1,-1,-1
121,2,770.75,229.57,194.86,645.64,0.8741,-1,-1,-1
121,6,1120.47,289.57,162.42,475.44,0.8470,-1,-1,-1
121,14,969.72,325.63,129.20,322.47,0.6075,-1,-1,-1
121,19,380.32,333.20,134.26,386.22,0.8384,-1,-1,-1
121,8,683.47,393.40,79.62,182.04,0.4325,-1,-1,-1
122,2,762.67,227.97,195.55,637.79,0.8656,-1,-1,-1
122,6,1117.88,290.71,162.49,477.09,0.8405,-1,-1,-1
122,14,967.46,325.37,130.96,322.63,0.6372,-1,-1,-1
122,19,370.64,332.41,137.99,393.15,0.8261,-1,-1,-1
122,23,1638.46,372.09,44.29,59.90,0.3643,-1,-1,-1
123,2,751.47,226.94,200.54,635.82,0.8671,-1,-1,-1
123,6,1115.28,291.12,161.53,478.15,0.8582,-1,-1,-1
123,14,958.91,326.40,136.52,323.73,0.6224,-1,-1,-1
123,19,363.34,332.09,137.97,400.77,0.8542,-1,-1,-1
123,23,1635.30,372.56,47.13,60.07,0.4418,-1,-1,-1
124,2,741.23,227.08,204.42,636.50,0.8720,-1,-1,-1
124,6,1111.50,290.20,159.39,482.93,0.8491,-1,-1,-1
124,14,955.07,327.56,127.99,325.01,0.6116,-1,-1,-1
124,19,355.04,331.98,139.57,404.80,0.8591,-1,-1,-1
124,23,1632.70,373.18,48.17,61.78,0.4495,-1,-1,-1
125,2,731.78,227.79,208.41,639.61,0.8767,-1,-1,-1
125,6,1106.93,289.99,159.88,481.49,0.8453,-1,-1,-1
125,14,950.49,325.56,127.01,329.44,0.6953,-1,-1,-1
125,19,345.87,336.54,141.11,404.50,0.8451,-1,-1,-1
125,23,1628.90,373.01,47.91,63.34,0.3825,-1,-1,-1
125,8,674.94,393.30,69.19,192.27,0.4485,-1,-1,-1
126,2,715.64,228.90,220.21,643.71,0.8684,-1,-1,-1
126,6,1101.36,290.49,160.75,478.00,0.8445,-1,-1,-1
126,14,949.69,322.53,127.06,332.73,0.5801,-1,-1,-1
126,19,334.35,337.22,143.64,407.85,0.8397,-1,-1,-1
126,23,1626.31,371.42,46.95,64.72,0.4171,-1,-1,-1
126,8,669.44,394.21,68.44,189.88,0.3808,-1,-1,-1
127,2,708.13,231.42,224.24,645.70,0.8698,-1,-1,-1
127,6,1095.03,291.33,164.46,480.59,0.8566,-1,-1,-1
127,14,942.93,321.53,135.21,335.72,0.7700,-1,-1,-1
127,19,326.49,342.01,143.47,409.03,0.8475,-1,-1,-1
127,23,1623.22,372.27,45.20,64.91,0.4368,-1,-1,-1
128,2,704.43,231.66,226.03,649.53,0.8799,-1,-1,-1
128,6,1088.98,289.79,168.61,481.90,0.8706,-1,-1,-1
128,14,934.21,322.86,142.25,335.02,0.6102,-1,-1,-1
128,19,318.45,341.87,145.03,411.70,0.8530,-1,-1,-1
128,23,1620.63,371.26,42.99,65.94,0.3540,-1,-1,-1
128,8,660.15,391.28,73.38,192.54,0.3734,-1,-1,-1
129,2,706.34,234.75,222.77,648.41,0.8803,-1,-1,-1
129,6,1084.21,287.43,173.72,482.97,0.8741,-1,-1,-1
129,14,933.76,322.12,120.79,335.09,0.6498,-1,-1,-1
129,19,313.10,339.08,147.08,420.65,0.8338,-1,-1,-1
129,23,1617.84,368.56,44.50,68.56,0.3771,-1,-1,-1
129,8,659.57,390.10,68.50,192.93,0.5347,-1,-1,-1
130,2,705.95,236.49,222.88,648.78,0.8819,-1,-1,-1
130,6,1081.96,286.77,174.99,482.98,0.8673,-1,-1,-1
130,14,933.51,320.74,110.11,335.07,0.7349,-1,-1,-1
130,19,309.67,335.31,148.87,429.58,0.8405,-1,-1,-1
130,23,1618.36,367.32,43.02,69.66,0.4036,-1,-1,-1
130,8,659.21,389.50,64.34,193.06,0.5535,-1,-1,-1
131,2,706.29,238.44,223.72,648.96,0.8799,-1,-1,-1
131,6,1080.20,284.62,176.74,482.70,0.8665,-1,-1,-1
131,14,928.91,319.27,110.51,333.76,0.7373,-1,-1,-1
131,19,307.68,332.79,147.49,435.11,0.8388,-1,-1,-1
131,23,1619.08,365.80,42.97,69.61,0.3856,-1,-1,-1
131,8,657.41,389.53,63.97,193.30,0.5875,-1,-1,-1
131,26,1011.83,371.74,69.72,222.48,0.5431,-1,-1,-1
132,2,707.86,238.99,222.83,649.18,0.8754,-1,-1,-1
132,6,1079.84,282.92,176.14,481.89,0.8634,-1,-1,-1
132,14,925.64,317.83,111.09,333.78,0.7335,-1,-1,-1
132,19,307.55,332.84,144.51,436.94,0.8290,-1,-1,-1
132,23,1619.45,364.65,42.27,69.44,0.4077,-1,-1,-1
132,8,656.86,389.17,64.22,194.56,0.5692,-1,-1,-1
132,26,1012.87,367.70,69.77,226.42,0.5586,-1,-1,-1
133,2,710.96,239.49,222.09,647.63,0.8755,-1,-1,-1
133,6,1077.31,282.42,178.93,482.04,0.8685,-1,-1,-1
133,14,925.32,316.70,108.56,335.73,0.7468,-1,-1,-1
133,19,297.10,330.98,152.78,441.32,0.8195,-1,-1,-1
133,23,1620.96,364.15,41.90,70.54,0.3852,-1,-1,-1
133,8,656.95,389.57,63.08,195.06,0.4432,-1,-1,-1
133,26,1012.75,367.70,72.02,225.86,0.5763,-1,-1,-1
134,2,713.39,239.58,218.34,648.94,0.8765,-1,-1,-1
134,6,1075.02,283.88,182.56,484.84,0.8678,-1,-1,-1
134,14,926.94,318.25,103.08,337.29,0.7328,-1,-1,-1
134,19,290.01,327.01,155.62,451.95,0.8404,-1,-1,-1
134,23,1622.24,364.72,41.84,71.54,0.3579,-1,-1,-1
134,8,655.84,391.86,66.74,195.01,0.5317,-1,-1,-1
134,26,1011.69,367.75,73.53,224.15,0.6110,-1,-1,-1
135,2,715.94,240.69,215.75,648.23,0.8799,-1,-1,-1
135,6,1073.46,285.08,184.39,487.76,0.8648,-1,-1,-1
135,14,926.69,318.57,99.77,340.44,0.7097,-1,-1,-1
135,19,286.62,329.61,155.10,454.09,0.8316,-1,-1,-1
135,8,652.74,393.77,70.89,195.48,0.5442,-1,-1,-1
135,26,1010.80,369.77,75.78,220.36,0.6537,-1,-1,-1
136,2,720.89,240.63,212.47,643.80,0.8737,-1,-1,-1
136,6,1072.39,286.85,187.42,489.68,0.8665,-1,-1,-1
136,14,926.37,319.78,99.27,340.01,0.7318,-1,-1,-1
136,19,282.17,328.01,157.70,459.31,0.8387,-1,-1,-1
136,8,647.41,394.71,77.92,196.70,0.6849,-1,-1,-1
136,26,1011.24,365.51,77.21,228.01,0.7067,-1,-1,-1
137,2,723.38,240.83,211.91,630.58,0.8833,-1,-1,-1
137,6,1071.21,289.61,191.99,491.80,0.8635,-1,-1,-1
137,14,927.61,319.52,97.28,341.34,0.7313,-1,-1,-1
137,19,282.58,324.79,155.92,465.11,0.8409,-1,-1,-1
137,8,648.45,395.03,77.87,200.25,0.6352,-1,-1,-1
137,26,1013.56,368.15,77.33,226.28,0.7447,-1,-1,-1
137,23,1631.47,367.88,43.90,69.33,0.4985,-1,-1,-1
138,2,723.65,242.82,215.77,624.34,0.8864,-1,-1,-1
138,6,1076.15,294.19,192.80,491.45,0.8618,-1,-1,-1
138,14,928.68,321.50,96.46,342.15,0.7456,-1,-1,-1
138,19,280.00,323.98,157.41,469.42,0.8038,-1,-1,-1
138,8,651.03,397.37,73.97,200.70,0.5942,-1,-1,-1
138,26,1017.62,368.71,76.48,228.61,0.7447,-1,-1,-1
138,23,1637.17,371.34,45.22,69.21,0.3217,-1,-1,-1
139,2,728.20,242.34,213.69,622.25,0.8851,-1,-1,-1
139,6,1080.62,294.99,193.72,491.41,0.8479,-1,-1,-1
139,14,930.13,320.68,96.43,343.54,0.7266,-1,-1,-1
139,19,272.47,320.64,162.45,474.98,0.8146,-1,-1,-1
139,8,651.87,395.85,72.23,203.74,0.5823,-1,-1,-1
139,26,1020.80,365.03,76.13,230.21,0.7169,-1,-1,-1
140,2,739.54,241.71,205.00,626.13,0.8780,-1,-1,-1
140,6,1087.49,296.17,191.21,490.27,0.8453,-1,-1,-1
140,14,936.22,320.01,93.44,345.22,0.7149,-1,-1,-1
140,19,269.08,318.80,165.78,484.49,0.8302,-1,-1,-1
140,8,650.30,396.53,75.10,204.98,0.6319,-1,-1,-1
140,26,1023.40,367.11,76.74,228.07,0.7775,-1,-1,-1
140,23,1646.85,368.14,47.01,68.63,0.3396,-1,-1,-1
141,2,747.42,244.68,197.92,628.97,0.8735,-1,-1,-1
141,6,1092.51,296.17,189.82,494.75,0.8582,-1,-1,-1
141,14,935.92,321.48,95.53,344.80,0.7389,-1,-1,-1
141,19,270.41,318.81,165.25,495.14,0.8246,-1,-1,-1
141,8,648.64,395.58,78.52,206.64,0.7632,-1,-1,-1
141,26,1025.06,366.72,79.29,228.27,0.6852,-1,-1,-1
141,23,1650.58,368.16,48.35,69.81,0.3900,-1,-1,-1
142,2,754.25,249.87,193.45,628.56,0.8694,-1,-1,-1
142,6,1099.73,296.83,187.62,498.59,0.8516,-1,-1,-1
142,14,936.65,324.37,96.38,342.19,0.7639,-1,-1,-1
142,19,270.81,321.19,167.10,500.81,0.8492,-1,-1,-1
142,8,649.23,398.81,83.90,204.01,0.6909,-1,-1,-1
142,26,1029.65,370.64,79.30,226.88,0.7247,-1,-1,-1
143,2,766.14,253.38,187.71,632.17,0.8787,-1,-1,-1
143,6,1107.04,297.40,187.31,501.89,0.8675,-1,-1,-1
143,14,948.96,325.86,89.19,341.39,0.7232,-1,-1,-1
143,19,269.67,324.74,170.58,504.09,0.8474,-1,-1,-1
143,8,653.82,400.46,84.11,204.51,0.6631,-1,-1,-1
143,26,1037.04,372.20,75.25,226.30,0.7463,-1,-1,-1
143,23,1669.51,374.66,44.65,63.25,0.3949,-1,-1,-1
144,2,772.49,255.62,185.94,632.84,0.8729,-1,-1,-1
144,6,1112.60,297.16,186.99,501.71,0.8615,-1,-1,-1
144,14,957.70,329.78,84.38,335.32,0.8004,-1,-1,-1
144,19,268.32,324.96,174.22,510.57,0.8580,-1,-1,-1
144,8,661.02,398.22,78.91,207.06,0.7032,-1,-1,-1
144,26,1041.05,372.42,77.38,227.08,0.7546,-1,-1,-1
144,23,1673.29,371.11,49.76,67.09,0.4201,-1,-1,-1
145,2,779.50,257.66,184.32,634.20,0.8604,-1,-1,-1
145,6,1120.81,296.78,186.93,501.52,0.8608,-1,-1,-1
145,14,962.38,329.33,83.06,337.25,0.7497,-1,-1,-1
145,19,266.07,324.12,177.78,514.46,0.8532,-1,-1,-1
145,8,664.44,396.79,80.03,209.71,0.7018,-1,-1,-1
145,26,1043.54,374.70,78.73,224.13,0.7400,-1,-1,-1
145,23,1681.23,370.84,50.16,69.38,0.4226,-1,-1,-1
146,2,782.54,261.62,186.74,635.90,0.8638,-1,-1,-1
146,6,1128.51,300.20,184.54,495.73,0.8740,-1,-1,-1
146,14,968.75,331.55,84.84,337.43,0.6867,-1,-1,-1
146,19,267.33,324.21,178.53,523.24,0.8772,-1,-1,-1
146,8,669.19,397.50,80.39,210.31,0.6982,-1,-1,-1
146,26,1048.54,377.55,78.32,220.77,0.6476,-1,-1,-1
146,23,1693.14,377.27,46.40,64.04,0.3286,-1,-1,-1
147,2,783.99,265.13,188.51,637.07,0.8650,-1,-1,-1
147,6,1134.14,299.52,186.58,492.36,0.8670,-1,-1,-1
147,14,967.41,331.66,89.20,340.00,0.7115,-1,-1,-1
147,19,263.80,325.58,181.84,528.98,0.8601,-1,-1,-1
147,8,670.83,396.87,80.66,214.70,0.7260,-1,-1,-1
147,26,1050.95,381.20,79.83,220.53,0.6330,-1,-1,-1
147,23,1699.93,376.56,46.87,66.98,0.4336,-1,-1,-1
148,2,789.32,266.39,185.75,636.21,0.8554,-1,-1,-1
148,6,1139.88,298.52,183.65,491.56,0.8671,-1,-1,-1
148,14,969.35,331.77,90.36,340.92,0.7303,-1,-1,-1
148,19,258.90,325.83,185.61,539.71,0.8684,-1,-1,-1
148,8,673.11,395.92,77.49,217.93,0.7258,-1,-1,-1
148,26,1053.80,378.65,78.49,225.68,0.6768,-1,-1,-1
148,23,1701.78,375.86,50.31,68.30,0.3775,-1,-1,-1
149,2,793.34,267.21,183.90,637.48,0.8616,-1,-1,-1
149,6,1146.54,299.02,180.08,489.04,0.8619,-1,-1,-1
149,14,972.45,335.53,87.84,338.93,0.7344,-1,-1,-1
149,19,252.85,324.10,184.36,548.74,0.8649,-1,-1,-1
149,8,674.79,399.90,76.73,217.91,0.6009,-1,-1,-1
149,26,1055.65,379.05,77.86,228.19,0.6365,-1,-1,-1
149,23,1706.70,380.37,49.80,65.98,0.3492,-1,-1,-1
150,2,794.09,267.58,184.06,637.40,0.8498,-1,-1,-1
150,6,1150.78,300.18,178.68,489.94,0.8644,-1,-1,-1
150,14,975.00,339.14,88.45,338.96,0.7367,-1,-1,-1
150,19,247.29,320.00,181.52,558.03,0.8501,-1,-1,-1
150,8,673.98,404.34,78.46,216.77,0.6131,-1,-1,-1
150,26,1056.64,372.78,76.84,235.99,0.6722,-1,-1,-1
150,23,1710.96,381.84,51.23,66.80,0.4523,-1,-1,-1
